chrm	start	end	mutations
sal1	4482489	4499168	174
sal1	4731980	4735495	72
sal1	4408264	4412034	69
sal1	77046	80273	59
sal1	3494529	3498989	57
sal1	1080211	1084677	56
sal1	3212142	3215015	56
sal1	2917576	2921229	55
sal1	2641874	2647471	53
sal1	2667762	2672696	49
sal1	446241	449381	48
sal1	3629174	3635035	48
sal1	329873	332062	46
sal1	4026463	4029198	46
sal1	4717030	4719885	46
sal1	2218645	2221725	45
sal1	1742118	1745642	45
sal1	1804748	1807423	44
sal1	1945854	1948493	44
sal1	4430546	4432900	44
sal1	1037373	1041428	43
sal1	645464	649348	42
sal1	1660680	1664420	42
sal1	2215522	2218644	42
sal1	3954772	3957639	42
sal1	2648608	2650800	41
sal1	3152717	3156088	41
sal1	4647797	4651576	41
sal1	3336953	3339211	41
sal1	20057	23053	40
sal1	1731327	1735229	39
sal1	3936892	3938973	39
sal1	3188516	3191005	39
sal1	1858406	1862149	39
sal1	1207584	1211546	39
sal1	3149651	3152539	39
sal1	4380503	4382398	38
sal1	3961553	3964279	38
sal1	3453616	3456294	37
sal1	911349	913781	37
sal1	323861	327730	37
sal1	3824126	3826654	37
sal1	3885923	3887578	36
sal1	2593645	2596758	36
sal1	4038867	4041281	36
sal1	1268343	1271546	36
sal1	3972560	3975358	36
sal1	1681088	1684069	36
sal1	1476826	1479588	36
sal1	3720473	3722215	35
sal1	3609839	3611746	35
sal1	198219	200609	35
sal1	3763951	3765993	35
sal1	627195	629165	35
sal1	673706	675985	34
sal1	3146113	3149658	34
sal1	2599074	2601092	34
sal1	3024685	3026742	34
sal1	2526556	2528745	34
sal1	4365920	4369948	34
sal1	296912	298087	34
sal1	1466345	1469407	34
sal1	4244770	4247820	33
sal1	4699705	4702413	33
sal1	3742455	3744653	33
sal1	3623522	3626065	33
sal1	1818543	1820105	33
sal1	2425816	2427345	33
sal1	218308	220782	33
sal1	3236398	3238389	33
sal1	866946	869243	33
sal1	2923592	2925772	33
sal1	1446494	1449550	33
sal1	205078	207624	33
sal1	3102886	3105120	32
sal1	421688	423574	32
sal1	25802	28423	32
sal1	4064804	4066177	32
sal1	1298884	1302330	32
sal1	3090717	3092516	32
sal1	3793905	3797447	32
sal1	1178218	1179903	32
sal1	3839781	3841850	32
sal1	3671835	3673913	32
sal1	269548	273030	31
sal1	3860974	3862470	31
sal1	2952485	2954629	31
sal1	405299	408271	31
sal1	2126217	2127611	31
sal1	110001	112907	31
sal1	1516537	1518576	31
sal1	3328944	3331115	31
sal1	176239	178902	31
sal1	2802118	2804691	31
sal1	606050	608662	30
sal1	2489934	2491994	30
sal1	1638184	1640712	30
sal1	2141566	2143914	30
sal1	1574410	1576845	30
sal1	4787582	4789732	29
sal1	3673923	3676316	29
sal1	2431892	2434624	29
sal1	4519847	4522069	29
sal1	456184	458001	29
sal1	534528	537890	29
sal1	1619775	1621331	29
sal1	231303	233960	29
sal1	381035	383596	29
sal1	2370745	2373591	29
sal1	3870857	3872707	29
sal1	1326072	1327196	29
sal1	4736694	4738778	29
sal1	3875278	3877194	29
sal1	4069047	4070876	29
sal1	1790150	1791523	28
sal1	2708254	2712141	28
sal1	70879	72399	28
sal1	4310888	4313320	28
sal1	2996550	2998376	28
sal1	3931167	3932852	28
sal1	3364046	3366889	28
sal1	4111999	4113849	28
sal1	3698923	3701370	28
sal1	2508496	2510502	28
sal1	1314639	1315973	28
sal1	3106525	3109281	28
sal1	53854	56688	28
sal1	1664417	1665961	28
sal1	1622632	1624140	27
sal1	4162570	4164417	27
sal1	4206143	4208929	27
sal1	3867984	3869522	27
sal1	2187016	2188386	27
sal1	2520386	2522038	27
sal1	3072948	3074387	27
sal1	387109	388683	27
sal1	4117389	4118864	27
sal1	3144281	3146116	27
sal1	75879	77027	27
sal1	1737146	1739782	27
sal1	2356416	2358902	27
sal1	3022077	3023708	26
sal1	98777	100639	26
sal1	2840527	2842707	26
sal1	3676910	3679615	26
sal1	3820587	3822278	26
sal1	2589613	2591574	26
sal1	4335265	4337916	26
sal1	4228677	4230713	26
sal1	1883061	1884326	26
sal1	1809785	1812382	26
sal1	1721286	1722512	26
sal1	1656802	1658289	26
sal1	1045323	1047767	26
sal1	529249	532398	26
sal1	774780	776201	26
sal1	3688741	3690249	26
sal1	3272779	3274914	26
sal1	3433333	3435375	26
sal1	178917	180806	26
sal1	311194	313833	26
sal1	2381398	2383683	26
sal1	332551	336645	26
sal1	2427659	2429500	26
sal1	2046370	2047575	26
sal1	336	2798	25
sal1	1650434	1653481	25
sal1	2208527	2211517	25
sal1	2662912	2665317	25
sal1	770289	772337	25
sal1	393893	397060	25
sal1	2227454	2229565	25
sal1	629332	632061	25
sal1	4189322	4191511	25
sal1	2622803	2624380	25
sal1	1547808	1549514	25
sal1	4774475	4775845	25
sal1	1640709	1642493	25
sal1	4155553	4157715	25
sal1	2406091	2408073	25
sal1	3562279	3565392	25
sal1	4275616	4276950	25
sal1	2198897	2201056	24
sal1	2789882	2792542	24
sal1	276022	278163	24
sal1	1856874	1858409	24
sal1	158688	161393	24
sal1	557947	560448	24
sal1	2014752	2016413	24
sal1	1031628	1033349	24
sal1	2583498	2585498	24
sal1	1673903	1676023	24
sal1	892403	894625	24
sal1	4753958	4755589	24
sal1	1423563	1425005	24
sal1	119589	121298	24
sal1	661276	663381	24
sal1	3690851	3692410	24
sal1	3405004	3406368	24
sal1	4004464	4005786	24
sal1	4525365	4527512	24
sal1	1234980	1236134	24
sal1	44311	46026	24
sal1	398560	400848	24
sal1	721041	722513	24
sal1	4319595	4321775	24
sal1	2261170	2263467	24
sal1	3987725	3989053	24
sal1	1924772	1926475	24
sal1	147399	148715	23
sal1	3406438	3408732	23
sal1	449378	450580	23
sal1	3402021	3403331	23
sal1	3408766	3409974	23
sal1	767015	769699	23
sal1	747423	749090	23
sal1	3530006	3531973	23
sal1	4220868	4222109	23
sal1	3830331	3832664	23
sal1	2618583	2620796	23
sal1	1166421	1168475	23
sal1	4844939	4846363	23
sal1	2008208	2010286	23
sal1	3607217	3609022	23
sal1	683831	685360	23
sal1	4020822	4023374	23
sal1	1189494	1190960	23
sal1	2408966	2410612	23
sal1	3934081	3936192	23
sal1	1843121	1845799	23
sal1	2421683	2423464	23
sal1	1709820	1711475	23
sal1	17866	19965	23
sal1	2987740	2989980	23
sal1	2138671	2140947	23
sal1	1895063	1896775	23
sal1	3622078	3623259	23
sal1	2284961	2286481	23
sal1	3490498	3492834	23
sal1	738941	740605	23
sal1	420196	421647	23
sal1	2373709	2376345	23
sal1	4473228	4476053	23
sal1	3557932	3560031	23
sal1	3734513	3735610	23
sal1	3850542	3852569	23
sal1	2411671	2413038	23
sal1	3683135	3684688	23
sal1	250143	252815	23
sal1	2993897	2995606	22
sal1	4792084	4794849	22
sal1	2150613	2151917	22
sal1	237211	238491	22
sal1	641560	643815	22
sal1	58945	60147	22
sal1	4705824	4707227	22
sal1	2204988	2206844	22
sal1	801747	804548	22
sal1	1287876	1290050	22
sal1	352597	355041	22
sal1	543904	545802	22
sal1	95958	97847	22
sal1	3784425	3786485	22
sal1	2780430	2782052	22
sal1	663678	664766	22
sal1	4089606	4091474	22
sal1	2189936	2191159	22
sal1	3844924	3846378	22
sal1	4440176	4441825	22
sal1	1771990	1773603	22
sal1	1971801	1973852	22
sal1	2320153	2321742	22
sal1	1539191	1540699	22
sal1	4422829	4423944	22
sal1	4087762	4089258	22
sal1	2579977	2582256	22
sal1	1012965	1014617	22
sal1	416087	417712	22
sal1	1200552	1202438	22
sal1	2626077	2627426	22
sal1	724290	725528	22
sal1	3167877	3170036	22
sal1	1636052	1638127	22
sal1	2976978	2978057	22
sal1	4619628	4621250	22
sal1	3089005	3090717	21
sal1	1010109	1011827	21
sal1	1376647	1378596	21
sal1	1484987	1486441	21
sal1	1163679	1165832	21
sal1	3616333	3618420	21
sal1	1389107	1390015	21
sal1	1751270	1752424	21
sal1	1624905	1625945	21
sal1	4695117	4696769	21
sal1	2327472	2328479	21
sal1	4315529	4316653	21
sal1	1914015	1915142	21
sal1	1794339	1796273	21
sal1	3288978	3290462	21
sal1	1604145	1605092	21
sal1	4316789	4318345	21
sal1	2303579	2305267	21
sal1	1589679	1591721	21
sal1	477868	479316	21
sal1	1430180	1431820	21
sal1	490256	491767	21
sal1	2932362	2933777	21
sal1	1480392	1481885	21
sal1	209794	211023	21
sal1	2647591	2648550	21
sal1	4829691	4830380	21
sal1	4429593	4430546	21
sal1	3798542	3800842	21
sal1	2971374	2974004	21
sal1	2573395	2574798	21
sal1	1319476	1320846	21
sal1	1068136	1070400	21
sal1	2719414	2720610	21
sal1	2571368	2572555	21
sal1	220923	223445	21
sal1	3771105	3772424	20
sal1	2414869	2415627	20
sal1	2254457	2256142	20
sal1	3865911	3867866	20
sal1	3339322	3340188	20
sal1	3382761	3384281	20
sal1	2051663	2053147	20
sal1	4121839	4123320	20
sal1	1586061	1587527	20
sal1	1182267	1183631	20
sal1	1019728	1021674	20
sal1	202180	203106	20
sal1	2842715	2843878	20
sal1	2718475	2719392	20
sal1	1711695	1713203	20
sal1	1552535	1553917	20
sal1	4460050	4461375	20
sal1	709127	711709	20
sal1	3050285	3052852	20
sal1	2653047	2654225	20
sal1	1058702	1060462	20
sal1	2292679	2294046	20
sal1	1149871	1151979	20
sal1	508668	510539	20
sal1	1778920	1780323	20
sal1	4507660	4509306	20
sal1	238661	240082	20
sal1	1237934	1240477	20
sal1	567124	569538	20
sal1	2059905	2061275	20
sal1	3661136	3663463	20
sal1	3360426	3362105	20
sal1	1512916	1514013	20
sal1	1384432	1385910	20
sal1	3386261	3388279	20
sal1	2610654	2611943	19
sal1	1085022	1086863	19
sal1	403331	405289	19
sal1	2712397	2713941	19
sal1	2117954	2119618	19
sal1	1180625	1182094	19
sal1	2555423	2556439	19
sal1	4169774	4172038	19
sal1	4681843	4683195	19
sal1	550352	552028	19
sal1	591362	593026	19
sal1	1033350	1035116	19
sal1	2249736	2251769	19
sal1	4215611	4217020	19
sal1	488355	489704	19
sal1	877114	878355	19
sal1	4499208	4501274	19
sal1	725560	726495	19
sal1	1542177	1543823	19
sal1	608677	609684	19
sal1	5965	7395	19
sal1	745260	747212	19
sal1	540909	542837	19
sal1	2119629	2120303	19
sal1	577469	579250	19
sal1	4138485	4139225	19
sal1	1601175	1602563	19
sal1	3248932	3250908	19
sal1	223738	225927	19
sal1	473599	474573	19
sal1	2943013	2944413	19
sal1	3857148	3858080	19
sal1	3744853	3746496	19
sal1	3942775	3944484	19
sal1	772358	774037	19
sal1	3500624	3501727	19
sal1	3806431	3808110	19
sal1	3791725	3793698	19
sal1	105809	108169	19
sal1	4108985	4110631	19
sal1	4119775	4121799	19
sal1	3914545	3915624	19
sal1	1456175	1457395	19
sal1	1248503	1249549	19
sal1	2964557	2965927	19
sal1	1454907	1456178	19
sal1	1382184	1383410	19
sal1	807079	807948	19
sal1	3908301	3909515	19
sal1	3460358	3461422	19
sal1	165126	166328	19
sal1	3442339	3443346	19
sal1	3354508	3355473	19
sal1	3944587	3946905	19
sal1	650787	651581	19
sal1	3681373	3682590	19
sal1	2385182	2386372	19
sal1	4530985	4532487	19
sal1	2033124	2034563	19
sal1	1011985	1012956	19
sal1	4831430	4832446	19
sal1	1158482	1160242	19
sal1	3534356	3535801	19
sal1	4447667	4449211	19
sal1	1885936	1887729	19
sal1	2538999	2541014	19
sal1	1765637	1766746	19
sal1	2472871	2474298	19
sal1	2696631	2698175	19
sal1	2234962	2236014	18
sal1	4146379	4148925	18
sal1	1483924	1484514	18
sal1	1062636	1063919	18
sal1	2498103	2500250	18
sal1	90460	91746	18
sal1	1715872	1717497	18
sal1	1693629	1695593	18
sal1	412663	414771	18
sal1	2185568	2186962	18
sal1	1481866	1483077	18
sal1	1543991	1545394	18
sal1	1521097	1522218	18
sal1	4823725	4824948	18
sal1	2192600	2193721	18
sal1	2308967	2309632	18
sal1	4727980	4729011	18
sal1	3855650	3856648	18
sal1	397057	398283	18
sal1	3362565	3363998	18
sal1	3906262	3907308	18
sal1	3995928	3997616	18
sal1	2128732	2130087	18
sal1	343566	346076	18
sal1	3654484	3656193	18
sal1	4766110	4767282	18
sal1	2921339	2922583	18
sal1	4720465	4721976	18
sal1	3680350	3681369	18
sal1	3001361	3002482	18
sal1	4543852	4545282	18
sal1	3321001	3322188	18
sal1	1558790	1559824	18
sal1	3695282	3696997	18
sal1	3019862	3021523	18
sal1	4446762	4447652	18
sal1	2120849	2122681	18
sal1	1464796	1466022	18
sal1	1893524	1894849	18
sal1	1782579	1783559	18
sal1	730174	731712	18
sal1	505542	507896	18
sal1	4686485	4687618	18
sal1	3823029	3824108	18
sal1	4212869	4214278	18
sal1	1982473	1983915	18
sal1	4656685	4658064	18
sal1	3172700	3173962	18
sal1	4048225	4049589	17
sal1	3800853	3803477	17
sal1	1425388	1426434	17
sal1	4813905	4815494	17
sal1	736057	737232	17
sal1	2271768	2272961	17
sal1	856657	858177	17
sal1	278671	279963	17
sal1	595120	596013	17
sal1	3297429	3298901	17
sal1	444896	446068	17
sal1	4456195	4458615	17
sal1	1488744	1489433	17
sal1	4687602	4688720	17
sal1	3901365	3902399	17
sal1	3380808	3382373	17
sal1	2400463	2401659	17
sal1	2689333	2690319	17
sal1	4563604	4564356	17
sal1	2004515	2006386	17
sal1	1904303	1905835	17
sal1	680907	682370	17
sal1	2794377	2795678	17
sal1	3833698	3834672	17
sal1	2985074	2986513	17
sal1	2196263	2197480	17
sal1	1793117	1794097	17
sal1	4506161	4507510	17
sal1	1427760	1430138	17
sal1	2958283	2959278	17
sal1	4790099	4791760	17
sal1	3899129	3900412	17
sal1	1358275	1359768	17
sal1	4639574	4641517	17
sal1	1884821	1885939	17
sal1	1938634	1940007	17
sal1	3579777	3581153	17
sal1	2424352	2425629	17
sal1	2094373	2095830	17
sal1	622700	623875	17
sal1	4567397	4569100	17
sal1	537932	538867	17
sal1	2360760	2362403	17
sal1	820235	821278	17
sal1	1689947	1690717	17
sal1	213873	215291	17
sal1	2665446	2667761	17
sal1	2693681	2694934	17
sal1	319771	321114	17
sal1	3111906	3113246	17
sal1	3939830	3941035	17
sal1	666644	667879	17
sal1	2566334	2567230	17
sal1	664893	666053	17
sal1	304665	305720	17
sal1	2570022	2571248	17
sal1	1862537	1863934	17
sal1	3003708	3005786	17
sal1	4433978	4435405	17
sal1	2488620	2489834	17
sal1	512431	514131	17
sal1	3026761	3027792	17
sal1	4692570	4694708	17
sal1	3664146	3666464	17
sal1	3706106	3708292	17
sal1	2525301	2526503	17
sal1	3503084	3504364	17
sal1	1313406	1314635	17
sal1	1457979	1458980	17
sal1	357800	358855	17
sal1	900114	901694	17
sal1	4811155	4812183	17
sal1	3403357	3404688	17
sal1	1144128	1146740	17
sal1	2180024	2181427	17
sal1	4825158	4825877	17
sal1	3464696	3466630	17
sal1	1095319	1096755	17
sal1	3980764	3982248	17
sal1	1921162	1922526	16
sal1	2567249	2568610	16
sal1	1055098	1057380	16
sal1	242845	244362	16
sal1	2656255	2657373	16
sal1	2136021	2137193	16
sal1	3088195	3088929	16
sal1	2181438	2182658	16
sal1	33363	34367	16
sal1	3989063	3990565	16
sal1	1006516	1007529	16
sal1	644004	645218	16
sal1	4819638	4821188	16
sal1	1475250	1475978	16
sal1	3620361	3620963	16
sal1	518532	520313	16
sal1	4130429	4131691	16
sal1	2268826	2270262	16
sal1	126847	128505	16
sal1	3130101	3131519	16
sal1	1866715	1868139	16
sal1	4158187	4159137	16
sal1	4598382	4599929	16
sal1	4536176	4537513	16
sal1	2928376	2929305	16
sal1	889334	890308	16
sal1	4511523	4513172	16
sal1	2676117	2677400	16
sal1	4601708	4603564	16
sal1	2056535	2058217	16
sal1	702025	703926	16
sal1	1820105	1821700	16
sal1	2651456	2652928	16
sal1	1941130	1943178	16
sal1	1821704	1823062	16
sal1	1621401	1622642	16
sal1	640810	641514	16
sal1	2127623	2128735	16
sal1	3704133	3706109	16
sal1	82563	84116	16
sal1	1546396	1547697	16
sal1	3819253	3820260	16
sal1	2234010	2234909	16
sal1	4141934	4143133	16
sal1	498600	500075	16
sal1	2364274	2365326	16
sal1	3913526	3914539	16
sal1	3544873	3546813	16
sal1	851843	853066	16
sal1	2170922	2172235	16
sal1	3185258	3186016	16
sal1	4724748	4725746	16
sal1	3684878	3686461	16
sal1	3263120	3264256	16
sal1	4066226	4067044	16
sal1	2328918	2330678	16
sal1	3302353	3304209	16
sal1	1372900	1374756	16
sal1	1787159	1788151	16
sal1	2966938	2968494	16
sal1	3122125	3123492	16
sal1	798724	800490	16
sal1	3087154	3088107	16
sal1	2500250	2501560	16
sal1	2516003	2517241	16
sal1	3029120	3030901	16
sal1	4071065	4072435	16
sal1	4081910	4083799	16
sal1	3054581	3055513	16
sal1	1730463	1731263	16
sal1	2587866	2589164	16
sal1	2922615	2923550	16
sal1	1505663	1506868	16
sal1	3755707	3756774	16
sal1	908935	910200	15
sal1	1093860	1095074	15
sal1	4468053	4469132	15
sal1	2861963	2863045	15
sal1	274183	275946	15
sal1	3376272	3378254	15
sal1	2716579	2717472	15
sal1	1598894	1600084	15
sal1	1015862	1017520	15
sal1	3446191	3448131	15
sal1	2474334	2475851	15
sal1	2091303	2092757	15
sal1	4191701	4193032	15
sal1	914964	915713	15
sal1	915713	916954	15
sal1	191149	192420	15
sal1	2388603	2389961	15
sal1	4549908	4551539	15
sal1	129672	131072	15
sal1	520896	522182	15
sal1	2512128	2513519	15
sal1	1022700	1024976	15
sal1	1397104	1399356	15
sal1	3388360	3389496	15
sal1	657442	659052	15
sal1	246072	247229	15
sal1	659923	660678	15
sal1	4277930	4278970	15
sal1	295069	295872	15
sal1	388783	389526	15
sal1	2522218	2523216	15
sal1	4136054	4137133	15
sal1	2125210	2126220	15
sal1	4357709	4358671	15
sal1	4538712	4540982	15
sal1	1416667	1419054	15
sal1	92177	93517	15
sal1	1989050	1990060	15
sal1	673153	673713	15
sal1	876152	877114	15
sal1	1926497	1928056	15
sal1	611494	612216	15
sal1	3418675	3420246	15
sal1	4523031	4524341	15
sal1	3488893	3489621	15
sal1	1684066	1686210	15
sal1	3872704	3874095	15
sal1	1339112	1340746	15
sal1	690393	691778	15
sal1	2523717	2524958	15
sal1	938497	939729	15
sal1	48371	50410	15
sal1	864435	866456	15
sal1	3650194	3652326	15
sal1	379705	381030	15
sal1	2223134	2224537	15
sal1	4653182	4654345	15
sal1	950730	951683	15
sal1	1899802	1901535	15
sal1	1898791	1899705	15
sal1	3748234	3749493	15
sal1	2413035	2413997	15
sal1	1724652	1725299	15
sal1	4847828	4848913	15
sal1	1361818	1363752	15
sal1	2188497	2189939	15
sal1	1726869	1728419	15
sal1	4518898	4519854	15
sal1	1470423	1471175	15
sal1	2408070	2408969	15
sal1	3055555	3057051	15
sal1	4735592	4736581	15
sal1	2614935	2617001	15
sal1	4341431	4342807	15
sal1	4276961	4277920	15
sal1	2582528	2583478	15
sal1	3326405	3327889	15
sal1	118076	119578	15
sal1	4772059	4773300	15
sal1	2554590	2555423	15
sal1	815966	817258	15
sal1	4770701	4771972	15
sal1	61793	63412	15
sal1	4477872	4478504	15
sal1	4294354	4295862	15
sal1	1282601	1283623	15
sal1	1531560	1533767	15
sal1	1176437	1177312	15
sal1	585380	586678	15
sal1	1864275	1866071	15
sal1	1493646	1495691	15
sal1	3863976	3864671	15
sal1	1777862	1778923	15
sal1	3449253	3451388	15
sal1	4729786	4730805	15
sal1	4628967	4629653	14
sal1	454652	456022	14
sal1	1666653	1667333	14
sal1	4293232	4294242	14
sal1	4392474	4394063	14
sal1	3343968	3345860	14
sal1	652567	653574	14
sal1	763381	765579	14
sal1	4062502	4063461	14
sal1	2530161	2531576	14
sal1	3498999	3500417	14
sal1	438129	439241	14
sal1	212485	213276	14
sal1	817293	817817	14
sal1	431594	432688	14
sal1	728011	728751	14
sal1	649598	650734	14
sal1	3712178	3713173	14
sal1	1557227	1558615	14
sal1	484208	485311	14
sal1	553636	555288	14
sal1	3643220	3644458	14
sal1	1188208	1189497	14
sal1	1194023	1195399	14
sal1	1155172	1156812	14
sal1	3218470	3219648	14
sal1	2043186	2043986	14
sal1	2993345	2993887	14
sal1	4542413	4543768	14
sal1	1776173	1777714	14
sal1	2175666	2176544	14
sal1	3909572	3910717	14
sal1	842901	844376	14
sal1	4110909	4111838	14
sal1	3730144	3731421	14
sal1	759760	761400	14
sal1	1254952	1256526	14
sal1	2726772	2728571	14
sal1	141725	143491	14
sal1	2624450	2625916	14
sal1	2298886	2300355	14
sal1	2940137	2941585	14
sal1	3848163	3849341	14
sal1	3877415	3878563	14
sal1	2132708	2133610	14
sal1	2314554	2316110	14
sal1	2156828	2157811	14
sal1	2782905	2784239	14
sal1	1874447	1875703	14
sal1	4133675	4134805	14
sal1	546916	547878	14
sal1	2695259	2696449	14
sal1	2191632	2192597	14
sal1	1979663	1981138	14
sal1	2502387	2503700	14
sal1	3900416	3901378	14
sal1	453258	454577	14
sal1	2467176	2468582	14
sal1	712304	713476	14
sal1	2099678	2101198	14
sal1	1688387	1689811	14
sal1	1700058	1701038	14
sal1	751373	752677	14
sal1	3612641	3613708	14
sal1	4846421	4847770	14
sal1	1302557	1303867	14
sal1	3196489	3197295	14
sal1	3668706	3669389	14
sal1	2543229	2544200	14
sal1	3432406	3433269	14
sal1	171809	173215	14
sal1	2607969	2609432	14
sal1	1902682	1903980	14
sal1	2074325	2075755	14
sal1	3923529	3924752	14
sal1	887160	889304	14
sal1	4466606	4468021	14
sal1	3513551	3514675	14
sal1	1442942	1444153	14
sal1	881960	883696	14
sal1	4231618	4232859	14
sal1	3059454	3060716	14
sal1	4443210	4443947	14
sal1	4707283	4708287	14
sal1	4222111	4222986	14
sal1	4758471	4759382	14
sal1	4760045	4760719	14
sal1	4172382	4173725	14
sal1	4067139	4068896	14
sal1	2451578	2453098	14
sal1	532421	533614	14
sal1	671256	672821	14
sal1	3967825	3968568	14
sal1	582568	583881	14
sal1	2203322	2204902	14
sal1	4600379	4601698	14
sal1	4333321	4335054	14
sal1	1999814	2000785	14
sal1	117240	117935	14
sal1	1995107	1996879	14
sal1	1387243	1388211	14
sal1	4076446	4077987	14
sal1	2856167	2857075	14
sal1	1770964	1771893	14
sal1	3946917	3948299	14
sal1	717080	718075	14
sal1	3231882	3232928	14
sal1	2962970	2964508	14
sal1	653685	654929	14
sal1	669264	670010	13
sal1	805913	807079	13
sal1	3926690	3927406	13
sal1	1172733	1173512	13
sal1	4575126	4576772	13
sal1	2792657	2794012	13
sal1	2507259	2508506	13
sal1	166318	167703	13
sal1	2506053	2506991	13
sal1	4232875	4233753	13
sal1	779459	780391	13
sal1	3692504	3693613	13
sal1	2231493	2232539	13
sal1	3270159	3271244	13
sal1	3777247	3778836	13
sal1	958905	959573	13
sal1	2088668	2090398	13
sal1	3458863	3460272	13
sal1	3646636	3649212	13
sal1	3209312	3210745	13
sal1	2112418	2113797	13
sal1	2367306	2369975	13
sal1	3284096	3284779	13
sal1	4643690	4645033	13
sal1	2296549	2298540	13
sal1	620330	621655	13
sal1	4093609	4094574	13
sal1	2267999	2268760	13
sal1	262379	264793	13
sal1	2544890	2546617	13
sal1	3348573	3350048	13
sal1	1800580	1801317	13
sal1	89469	90410	13
sal1	714547	716475	13
sal1	2678196	2680046	13
sal1	3733	5019	13
sal1	3539853	3541322	13
sal1	3732404	3733513	13
sal1	3296134	3297318	13
sal1	295893	296807	13
sal1	299097	299867	13
sal1	2606694	2607761	13
sal1	3902893	3903918	13
sal1	3618463	3619680	13
sal1	485318	486130	13
sal1	2159357	2160763	13
sal1	1346585	1347373	13
sal1	4219274	4220008	13
sal1	430359	431579	13
sal1	2537784	2538782	13
sal1	2415624	2417294	13
sal1	2576554	2577357	13
sal1	4839016	4840989	13
sal1	1701791	1702909	13
sal1	4222979	4224004	13
sal1	1723884	1724645	13
sal1	1785317	1786282	13
sal1	3222355	3222903	13
sal1	3200751	3201632	13
sal1	4587313	4588815	13
sal1	3118848	3120212	13
sal1	4443947	4446043	13
sal1	4573272	4574513	13
sal1	1763250	1764095	13
sal1	2986510	2987643	13
sal1	4428353	4429396	13
sal1	3058038	3058814	13
sal1	2565665	2566324	13
sal1	164052	165095	13
sal1	3244371	3245843	13
sal1	1450532	1451878	13
sal1	4465558	4466541	13
sal1	920007	921545	13
sal1	2957149	2958213	13
sal1	1365215	1366411	13
sal1	2147467	2148381	13
sal1	1583465	1584484	13
sal1	2434649	2435986	13
sal1	3968555	3969664	13
sal1	547875	548846	13
sal1	2316217	2318022	13
sal1	4018607	4020007	13
sal1	3367007	3368308	13
sal1	1647786	1648796	13
sal1	1537486	1538487	13
sal1	4769297	4770481	13
sal1	4513729	4515687	13
sal1	4405090	4406841	13
sal1	226773	227663	13
sal1	4303373	4305571	13
sal1	4403684	4404988	13
sal1	68636	69679	13
sal1	956231	957718	13
sal1	1522694	1523350	13
sal1	4257320	4258789	13
sal1	4452093	4453451	13
sal1	4256064	4257323	13
sal1	3170629	3171657	13
sal1	1459916	1461328	13
sal1	1211968	1213476	13
sal1	495189	497180	13
sal1	2533545	2534801	13
sal1	740895	741647	13
sal1	3645760	3646539	13
sal1	2483593	2484594	13
sal1	4057746	4059209	13
sal1	2176592	2177491	13
sal1	2936027	2937541	13
sal1	3780712	3781611	13
sal1	3180964	3181827	13
sal1	2954640	2955599	13
sal1	3504911	3505786	13
sal1	1464047	1464784	13
sal1	2023296	2024717	13
sal1	1170733	1171944	13
sal1	3917870	3918904	13
sal1	1050976	1052397	13
sal1	3751845	3752969	13
sal1	3057048	3057998	13
sal1	3714122	3715159	13
sal1	3053285	3054493	13
sal1	4611078	4613516	13
sal1	474630	476492	13
sal1	1549667	1550800	13
sal1	196531	198141	13
sal1	3854620	3855420	13
sal1	3075556	3076602	13
sal1	3814433	3816040	13
sal1	3737038	3738093	13
sal1	1469400	1470422	13
sal1	4632115	4633041	13
sal1	3811351	3812334	13
sal1	183845	185467	13
sal1	2941600	2942883	13
sal1	4841475	4841990	12
sal1	2221722	2223134	12
sal1	678025	679263	12
sal1	3929421	3930302	12
sal1	4617739	4618377	12
sal1	123409	124116	12
sal1	4034217	4035062	12
sal1	3892736	3894046	12
sal1	433543	434637	12
sal1	3456319	3457821	12
sal1	2257959	2258906	12
sal1	4168572	4169525	12
sal1	2236268	2237539	12
sal1	366315	367418	12
sal1	4818803	4819666	12
sal1	1769940	1770845	12
sal1	1789088	1789684	12
sal1	1461730	1463073	12
sal1	2702150	2703610	12
sal1	1065793	1067466	12
sal1	921606	922526	12
sal1	2307721	2308902	12
sal1	3128225	3130000	12
sal1	571981	572997	12
sal1	2514559	2515479	12
sal1	3658267	3659619	12
sal1	2042046	2043032	12
sal1	428855	429985	12
sal1	3869691	3870572	12
sal1	1403726	1404586	12
sal1	1495681	1496982	12
sal1	2282625	2283860	12
sal1	4007538	4009199	12
sal1	2949734	2951068	12
sal1	3035252	3036262	12
sal1	2534856	2535689	12
sal1	651578	652567	12
sal1	4309725	4310885	12
sal1	360203	360817	12
sal1	4219993	4220871	12
sal1	2715207	2716568	12
sal1	4562865	4563356	12
sal1	4825915	4826487	12
sal1	4678001	4679227	12
sal1	1633273	1634724	12
sal1	15013	15960	12
sal1	4702529	4702975	12
sal1	3177579	3178340	12
sal1	4756340	4756948	12
sal1	2657400	2658404	12
sal1	3653490	3654374	12
sal1	11592	13508	12
sal1	1720144	1720860	12
sal1	1937667	1938458	12
sal1	2876818	2877843	12
sal1	849183	850178	12
sal1	3515423	3516790	12
sal1	3626654	3627463	12
sal1	2393108	2394298	12
sal1	4054089	4055276	12
sal1	3352163	3352993	12
sal1	3372820	3373833	12
sal1	2263734	2265464	12
sal1	57795	58745	12
sal1	4134807	4136057	12
sal1	2983368	2984888	12
sal1	41722	42912	12
sal1	2822302	2823180	12
sal1	4786317	4787273	12
sal1	1888476	1889072	12
sal1	3415216	3416361	12
sal1	4125596	4126855	12
sal1	215432	216373	12
sal1	3142847	3144178	12
sal1	3305370	3306080	12
sal1	2131436	2132650	12
sal1	1402330	1402998	12
sal1	718200	718907	12
sal1	2061737	2062954	12
sal1	4634862	4636271	12
sal1	828573	829820	12
sal1	2519131	2520366	12
sal1	2725781	2726755	12
sal1	841822	842730	12
sal1	1265457	1267118	12
sal1	28424	29431	12
sal1	3197580	3198338	12
sal1	4518230	4518901	12
sal1	3888348	3889538	12
sal1	954528	955871	12
sal1	3306080	3307132	12
sal1	3724579	3725424	12
sal1	3379165	3379932	12
sal1	1241235	1242449	12
sal1	3324143	3325306	12
sal1	3444793	3446037	12
sal1	2265522	2266469	12
sal1	2101195	2102010	12
sal1	2992578	2993345	12
sal1	411513	412517	12
sal1	3452050	3452994	12
sal1	4761843	4762856	12
sal1	69999	70868	12
sal1	3117887	3118735	12
sal1	752728	753867	12
sal1	2117234	2117935	12
sal1	2059198	2059905	12
sal1	144962	146320	12
sal1	1242604	1243524	12
sal1	244492	245919	12
sal1	3775585	3777234	12
sal1	1881811	1882902	12
sal1	2484591	2485769	12
sal1	4024678	4025370	12
sal1	1392200	1393558	12
sal1	2548501	2549793	12
sal1	1653816	1654640	12
sal1	1190962	1191813	12
sal1	939783	940598	12
sal1	213397	213876	12
sal1	3604877	3605695	12
sal1	1977617	1979428	12
sal1	4274598	4275353	12
sal1	4516119	4517555	12
sal1	2226727	2227443	12
sal1	1336311	1337354	12
sal1	3473353	3474324	12
sal1	1528547	1529182	12
sal1	1340746	1341720	12
sal1	870640	871629	12
sal1	1975660	1976838	12
sal1	1354892	1356076	12
sal1	233978	234730	12
sal1	4085320	4086312	12
sal1	378981	379739	12
sal1	4238657	4239646	12
sal1	267783	268931	12
sal1	4113852	4115396	12
sal1	1347518	1348111	12
sal1	2149611	2150510	12
sal1	1259797	1261008	12
sal1	1245420	1245992	12
sal1	2079888	2081156	12
sal1	1185713	1187275	12
sal1	193403	194170	12
sal1	1261029	1261784	12
sal1	749536	750942	12
sal1	1196319	1197257	12
sal1	2151914	2152993	12
sal1	3052908	3053288	11
sal1	3308793	3310496	11
sal1	4203208	4204194	11
sal1	4527867	4528775	11
sal1	4374619	4374963	11
sal1	3041603	3043291	11
sal1	3715628	3716116	11
sal1	3132770	3133870	11
sal1	3235027	3235704	11
sal1	2995624	2996547	11
sal1	2471263	2472660	11
sal1	1968662	1969537	11
sal1	2661484	2662293	11
sal1	2685383	2686261	11
sal1	3858695	3859972	11
sal1	1853719	1855248	11
sal1	3259134	3259820	11
sal1	2857418	2857996	11
sal1	4265239	4266222	11
sal1	3761625	3763094	11
sal1	1890386	1891930	11
sal1	3298913	3300325	11
sal1	548999	550303	11
sal1	3293151	3294029	11
sal1	4502396	4503997	11
sal1	4383343	4384116	11
sal1	3259952	3260932	11
sal1	3016348	3017526	11
sal1	3392283	3393251	11
sal1	4063597	4064637	11
sal1	3907308	3908261	11
sal1	3783063	3784385	11
sal1	3159914	3162160	11
sal1	3292189	3293112	11
sal1	3229516	3230595	11
sal1	1940055	1940936	11
sal1	3717611	3718372	11
sal1	4253819	4254967	11
sal1	3401019	3401720	11
sal1	181006	182430	11
sal1	3941263	3942654	11
sal1	364980	366032	11
sal1	2617006	2618547	11
sal1	619260	620114	11
sal1	1824265	1825071	11
sal1	1755270	1756217	11
sal1	686568	687644	11
sal1	504085	505356	11
sal1	434715	435428	11
sal1	1832861	1834321	11
sal1	3334473	3335885	11
sal1	2097299	2098369	11
sal1	314499	316007	11
sal1	741694	742914	11
sal1	309113	309937	11
sal1	2270721	2271659	11
sal1	633242	634285	11
sal1	1831253	1831981	11
sal1	1584538	1585515	11
sal1	2547552	2548418	11
sal1	486227	486817	11
sal1	861209	862366	11
sal1	460821	461948	11
sal1	940595	941806	11
sal1	1518576	1519472	11
sal1	31273	32118	11
sal1	242062	242760	11
sal1	1677089	1678159	11
sal1	3578466	3579755	11
sal1	1756765	1757796	11
sal1	1808400	1809374	11
sal1	3723507	3724577	11
sal1	35338	37056	11
sal1	564017	564871	11
sal1	1915215	1916900	11
sal1	225976	226773	11
sal1	2436486	2438288	11
sal1	1328178	1328966	11
sal1	718904	720337	11
sal1	2049398	2050801	11
sal1	203103	203873	11
sal1	4003109	4004446	11
sal1	552243	553463	11
sal1	3810341	3811354	11
sal1	4545380	4547026	11
sal1	3812345	3813247	11
sal1	879615	880721	11
sal1	1243744	1244796	11
sal1	839526	840572	11
sal1	2532392	2533276	11
sal1	880837	881967	11
sal1	2183957	2185435	11
sal1	4173805	4174617	11
sal1	3572488	3573042	11
sal1	953115	954245	11
sal1	1017517	1018485	11
sal1	2194315	2195061	11
sal1	1463095	1463988	11
sal1	1073203	1074435	11
sal1	67051	68391	11
sal1	3852743	3853993	11
sal1	472025	473002	11
sal1	1452682	1454169	11
sal1	1630397	1631863	11
sal1	1492219	1493235	11
sal1	583960	585321	11
sal1	2211485	2212354	11
sal1	3010973	3011728	11
sal1	4402051	4403652	11
sal1	2478688	2479602	11
sal1	1617312	1618337	11
sal1	1555687	1557216	11
sal1	1634737	1635939	11
sal1	1497698	1498666	11
sal1	2658696	2659862	11
sal1	1703198	1704511	11
sal1	2787415	2788452	11
sal1	3006374	3007291	11
sal1	4560897	4561772	11
sal1	1705912	1706544	11
sal1	4555746	4556399	11
sal1	1692174	1693124	11
sal1	3862467	3863129	11
sal1	1758528	1759214	11
sal1	2938847	2940115	11
sal1	4424458	4426005	11
sal1	1493293	1493661	11
sal1	3977396	3978589	11
sal1	1476157	1476795	11
sal1	3573272	3574090	11
sal1	1484511	1484984	11
sal1	3139764	3140861	11
sal1	1317215	1318678	11
sal1	734489	735913	11
sal1	2071878	2072789	11
sal1	1091481	1092881	11
sal1	2687490	2688308	11
sal1	2808259	2809419	11
sal1	1383401	1384435	11
sal1	1385907	1387250	11
sal1	1366508	1367365	11
sal1	2248462	2249571	10
sal1	1618312	1619598	10
sal1	1767993	1768706	10
sal1	2405111	2406094	10
sal1	1070437	1072185	10
sal1	4010984	4012210	10
sal1	4715701	4716888	10
sal1	793927	794718	10
sal1	3964499	3965194	10
sal1	874973	875581	10
sal1	4609110	4610408	10
sal1	1343979	1345112	10
sal1	2660621	2661484	10
sal1	3488186	3488818	10
sal1	934629	935255	10
sal1	951680	952525	10
sal1	4597244	4598398	10
sal1	3100616	3101416	10
sal1	1219448	1220608	10
sal1	1335081	1335353	10
sal1	1826926	1827804	10
sal1	4005868	4006398	10
sal1	4183610	4185088	10
sal1	4415491	4416360	10
sal1	439256	440065	10
sal1	4356684	4357712	10
sal1	435597	436808	10
sal1	4154701	4155417	10
sal1	622061	622621	10
sal1	3174080	3175015	10
sal1	2137317	2138081	10
sal1	3268691	3269743	10
sal1	1889463	1890311	10
sal1	3179663	3180841	10
sal1	401889	403142	10
sal1	372773	374194	10
sal1	1390109	1390936	10
sal1	3613975	3614844	10
sal1	2487866	2488522	10
sal1	2469751	2471172	10
sal1	1177860	1178201	10
sal1	4227249	4228631	10
sal1	4767753	4768637	10
sal1	1611988	1613790	10
sal1	692157	692729	10
sal1	1887748	1888479	10
sal1	4449343	4450542	10
sal1	170859	171809	10
sal1	1855490	1856167	10
sal1	94130	94546	10
sal1	1659200	1660588	10
sal1	1352172	1352813	10
sal1	50450	51823	10
sal1	4856739	4857425	10
sal1	4804645	4805556	10
sal1	4243855	4244757	10
sal1	2673994	2674662	10
sal1	1035230	1036198	10
sal1	1183624	1184370	10
sal1	4797493	4798554	10
sal1	287023	288054	10
sal1	794773	795819	10
sal1	195015	195875	10
sal1	2403951	2405108	10
sal1	4268388	4269761	10
sal1	2363132	2364193	10
sal1	2318032	2319126	10
sal1	2301529	2302578	10
sal1	2289284	2290426	10
sal1	1774496	1775461	10
sal1	3701390	3702823	10
sal1	2810346	2811467	10
sal1	599137	600522	10
sal1	2391852	2393111	10
sal1	3072356	3072961	10
sal1	3069226	3070275	10
sal1	3223284	3224516	10
sal1	4833241	4834209	10
sal1	2946353	2946880	10
sal1	2552628	2553725	10
sal1	4481195	4482472	10
sal1	2390234	2391862	10
sal1	4685782	4686426	10
sal1	4343992	4345392	10
sal1	1309833	1310843	10
sal1	809531	811099	10
sal1	1729816	1730346	10
sal1	4150559	4150879	10
sal1	2784257	2785156	10
sal1	3903928	3905124	10
sal1	30477	31208	10
sal1	104469	105755	10
sal1	3829363	3829944	10
sal1	1686827	1688272	10
sal1	1435727	1436617	10
sal1	2107756	2108529	10
sal1	3410040	3411371	10
sal1	4280618	4282210	10
sal1	1510111	1510965	10
sal1	860172	861212	10
sal1	81019	81615	10
sal1	3667898	3668668	10
sal1	2241045	2241842	10
sal1	85508	86650	10
sal1	1432200	1433486	10
sal1	4193685	4195136	10
sal1	1714888	1715811	10
sal1	121639	122484	10
sal1	1932086	1932706	10
sal1	2494539	2495624	10
sal1	173379	174752	10
sal1	1356177	1356971	10
sal1	1695672	1696208	10
sal1	4290277	4291044	10
sal1	4570960	4572396	10
sal1	4025343	4026383	10
sal1	3105172	3106467	10
sal1	1061477	1062565	10
sal1	4375362	4376372	10
sal1	2178953	2179846	10
sal1	1014761	1015660	10
sal1	917151	918092	10
sal1	639680	640798	10
sal1	2723925	2724830	10
sal1	3716381	3717595	10
sal1	3697041	3697946	10
sal1	3225595	3226488	10
sal1	3374512	3376257	10
sal1	3204430	3205326	10
sal1	1324374	1325624	10
sal1	2152990	2154057	10
sal1	3690296	3690841	10
sal1	3253345	3254739	10
sal1	4306896	4308686	10
sal1	3021541	3022023	10
sal1	3063781	3065208	10
sal1	3509153	3509944	10
sal1	688029	689690	10
sal1	124100	125710	10
sal1	200815	201351	10
sal1	822019	822957	10
sal1	4260911	4261945	10
sal1	3255410	3256117	10
sal1	722535	724214	10
sal1	679991	680797	10
sal1	4299162	4300493	10
sal1	10091	10804	10
sal1	3999700	4000884	10
sal1	2805549	2806529	10
sal1	1272120	1273079	10
sal1	2419658	2420575	10
sal1	1049610	1050758	10
sal1	3215593	3216687	10
sal1	2777792	2778748	10
sal1	4092098	4093603	10
sal1	2683585	2684316	10
sal1	3238665	3239423	10
sal1	3874194	3874802	10
sal1	1876637	1877488	10
sal1	342829	343542	10
sal1	935499	936701	10
sal1	2597692	2598819	10
sal1	3966648	3967589	10
sal1	3916749	3917873	10
sal1	3928445	3929347	10
sal1	1582240	1583454	10
sal1	853063	854004	10
sal1	1932703	1933512	10
sal1	3484416	3485849	10
sal1	2565158	2565652	10
sal1	1872491	1873324	10
sal1	4569544	4570845	10
sal1	4384157	4385221	10
sal1	2861306	2861959	10
sal1	2839121	2840530	10
sal1	3788574	3790061	10
sal1	84179	85396	9
sal1	605327	606019	9
sal1	2564058	2565110	9
sal1	659066	659923	9
sal1	86685	88202	9
sal1	1078204	1079526	9
sal1	676539	677306	9
sal1	149956	151023	9
sal1	4292389	4293135	9
sal1	4641785	4642525	9
sal1	3506519	3508009	9
sal1	305731	306726	9
sal1	3468660	3470093	9
sal1	1901598	1902668	9
sal1	321111	322415	9
sal1	2001021	2001767	9
sal1	4547122	4548462	9
sal1	389499	389987	9
sal1	1378626	1379969	9
sal1	2098396	2099139	9
sal1	408766	410169	9
sal1	705779	706873	9
sal1	37102	38673	9
sal1	2681536	2682750	9
sal1	689659	690339	9
sal1	840583	841599	9
sal1	151142	152617	9
sal1	4001960	4002883	9
sal1	753854	755257	9
sal1	2276879	2277787	9
sal1	3012113	3013000	9
sal1	2273629	2274330	9
sal1	4211183	4212556	9
sal1	2214281	2215522	9
sal1	3816596	3817921	9
sal1	1072182	1073159	9
sal1	4144324	4145064	9
sal1	1009069	1010070	9
sal1	4145061	4146017	9
sal1	423678	424652	9
sal1	3891466	3892662	9
sal1	3975555	3975848	9
sal1	3110545	3111885	9
sal1	3975954	3977336	9
sal1	3991230	3992243	9
sal1	4072755	4073453	9
sal1	3256945	3257892	9
sal1	3826677	3827375	9
sal1	3523802	3525070	9
sal1	4420456	4422201	9
sal1	2295183	2296505	9
sal1	2809380	2810288	9
sal1	2859031	2859459	9
sal1	2937835	2938821	9
sal1	3171668	3172690	9
sal1	3182528	3183757	9
sal1	3346469	3347296	9
sal1	131075	132166	9
sal1	3235698	3236354	9
sal1	3248057	3248788	9
sal1	3287515	3288816	9
sal1	3731418	3732344	9
sal1	2454920	2456311	9
sal1	3294425	3295729	9
sal1	2420641	2421642	9
sal1	1193160	1193951	9
sal1	3331603	3332586	9
sal1	3428904	3430277	9
sal1	3768604	3769956	9
sal1	4450895	4452004	9
sal1	2699950	2702094	9
sal1	3750684	3751262	9
sal1	3265487	3266533	9
sal1	1670642	1672135	9
sal1	3175807	3177225	9
sal1	1342516	1343313	9
sal1	2688319	2689332	9
sal1	1273235	1273978	9
sal1	1207130	1207525	9
sal1	29993	30511	9
sal1	1029347	1030258	9
sal1	146314	147396	9
sal1	858796	860085	9
sal1	862350	863105	9
sal1	1421184	1421933	9
sal1	1203687	1204928	9
sal1	4318540	4319430	9
sal1	4422204	4422836	9
sal1	726612	727337	9
sal1	727337	728011	9
sal1	4436531	4437136	9
sal1	1725324	1726055	9
sal1	301362	302117	9
sal1	4505146	4505814	9
sal1	3526682	3527620	9
sal1	4556483	4557883	9
sal1	4558187	4559092	9
sal1	1658407	1658985	9
sal1	1642622	1643407	9
sal1	2413997	2414854	9
sal1	4708399	4709331	9
sal1	4322715	4323818	9
sal1	1624185	1624673	9
sal1	3637251	3638009	9
sal1	2916380	2917495	9
sal1	3398504	3399490	9
sal1	4131691	4132758	9
sal1	2713992	2714543	9
sal1	1595821	1596723	9
sal1	1667439	1668332	9
sal1	3915959	3916756	9
sal1	3910818	3911627	9
sal1	2160927	2162357	9
sal1	885588	886952	9
sal1	2072965	2073885	9
sal1	469844	470947	9
sal1	1796535	1798517	9
sal1	4086317	4087741	9
sal1	4055245	4056204	9
sal1	1156809	1157372	9
sal1	1305834	1306745	9
sal1	4182146	4182928	9
sal1	1536296	1537411	9
sal1	1286358	1287791	9
sal1	1529182	1529874	9
sal1	1950685	1951335	9
sal1	282467	284185	9
sal1	1441343	1442578	9
sal1	1367464	1368348	9
sal1	4165872	4166888	9
sal1	4060012	4060737	9
sal1	2504805	2505746	9
sal1	480160	481020	9
sal1	1405080	1406012	9
sal1	1944608	1945891	9
sal1	103480	104469	9
sal1	2130999	2131451	9
sal1	2123319	2123801	9
sal1	1304561	1305805	9
sal1	1783671	1785320	9
sal1	4273508	4274497	9
sal1	4828906	4829613	9
sal1	2585919	2586962	9
sal1	3390231	3390923	9
sal1	2201508	2202647	9
sal1	2197968	2198810	9
sal1	2481272	2482285	9
sal1	302152	302874	9
sal1	3986191	3987582	9
sal1	3722770	3723510	9
sal1	2157954	2159120	9
sal1	1523477	1524751	9
sal1	4806134	4806859	9
sal1	3470225	3471397	9
sal1	601817	602362	9
sal1	625637	626884	9
sal1	731732	732610	9
sal1	3843378	3844373	9
sal1	3603878	3604600	9
sal1	817827	818615	9
sal1	1064062	1064823	9
sal1	1076496	1077272	9
sal1	4266551	4267171	9
sal1	3575686	3576810	9
sal1	3606321	3606911	9
sal1	3027863	3029092	9
sal1	3808942	3810240	9
sal1	4628113	4628967	9
sal1	1645803	1647500	9
sal1	1251050	1252258	9
sal1	3120777	3122066	9
sal1	1202435	1203058	9
sal1	3656573	3658192	9
sal1	3115550	3116332	9
sal1	3384801	3386090	9
sal1	2931216	2932229	9
sal1	2365441	2366577	9
sal1	2229681	2231042	9
sal1	2319126	2320151	9
sal1	1838559	1839479	9
sal1	2068945	2069760	9
sal1	2075829	2076524	9
sal1	4618380	4619543	9
sal1	4684994	4685770	8
sal1	2560331	2561200	8
sal1	1665961	1666656	8
sal1	1306764	1307585	8
sal1	2086917	2088611	8
sal1	4438482	4439831	8
sal1	522282	523142	8
sal1	4097520	4098947	8
sal1	4263405	4264712	8
sal1	1698355	1698951	8
sal1	1511692	1512339	8
sal1	3412479	3413417	8
sal1	3822496	3823023	8
sal1	581084	582331	8
sal1	2933764	2934438	8
sal1	4764343	4765077	8
sal1	666054	666671	8
sal1	3287126	3287500	8
sal1	2240258	2241058	8
sal1	2085402	2086100	8
sal1	3561110	3562267	8
sal1	4271255	4272157	8
sal1	762065	763384	8
sal1	4020197	4020829	8
sal1	1705463	1705900	8
sal1	707491	708522	8
sal1	2553715	2554590	8
sal1	3007288	3008109	8
sal1	2860748	2861212	8
sal1	2006440	2007579	8
sal1	4188149	4189312	8
sal1	3596916	3597383	8
sal1	1906821	1908365	8
sal1	1540802	1541977	8
sal1	3285418	3286917	8
sal1	4479879	4481198	8
sal1	3048777	3049433	8
sal1	1169064	1169726	8
sal1	4472641	4473096	8
sal1	4663954	4665459	8
sal1	4059252	4059917	8
sal1	4636383	4637045	8
sal1	1153914	1155167	8
sal1	3300625	3301683	8
sal1	2383796	2384926	8
sal1	1613793	1614896	8
sal1	579263	580039	8
sal1	2717588	2718436	8
sal1	4472316	4472654	8
sal1	1503542	1504183	8
sal1	4237354	4238226	8
sal1	2453147	2454100	8
sal1	3234332	3235039	8
sal1	3233753	3234331	8
sal1	3644373	3644774	8
sal1	4139432	4140817	8
sal1	81724	82509	8
sal1	2377972	2379297	8
sal1	3138848	3139654	8
sal1	1499645	1500424	8
sal1	190199	191152	8
sal1	2386534	2387412	8
sal1	4285042	4286085	8
sal1	4094599	4095489	8
sal1	3284883	3285440	8
sal1	1487965	1488747	8
sal1	2109081	2109686	8
sal1	1594406	1595593	8
sal1	32544	32993	8
sal1	3749583	3750632	8
sal1	4095623	4096552	8
sal1	2672905	2673747	8
sal1	1018613	1019731	8
sal1	1500421	1501479	8
sal1	2239476	2240222	8
sal1	4688717	4689457	8
sal1	683276	683827	8
sal1	4240501	4241430	8
sal1	4061612	4062502	8
sal1	1567090	1568379	8
sal1	4267942	4268337	8
sal1	1454186	1454932	8
sal1	34375	34815	8
sal1	385573	386337	8
sal1	4348122	4349966	8
sal1	1419561	1420541	8
sal1	1343307	1343897	8
sal1	23334	24038	8
sal1	4153095	4153802	8
sal1	2823266	2824927	8
sal1	1801508	1802677	8
sal1	2275395	2276753	8
sal1	109330	109989	8
sal1	132166	133737	8
sal1	596054	597121	8
sal1	933952	934632	8
sal1	1740022	1741011	8
sal1	4306033	4306695	8
sal1	3097370	3098668	8
sal1	3241819	3242292	8
sal1	4230757	4231614	8
sal1	4698374	4699321	8
sal1	1823072	1824265	8
sal1	1264442	1265392	8
sal1	1205210	1205806	8
sal1	4137130	4138488	8
sal1	3474901	3476160	8
sal1	834419	835498	8
sal1	1079507	1080211	8
sal1	903899	904819	8
sal1	1997204	1997770	8
sal1	2191156	2191629	8
sal1	298240	299019	8
sal1	4143133	4144302	8
sal1	2461184	2462077	8
sal1	3391012	3392010	8
sal1	4106875	4108395	8
sal1	2073874	2074344	8
sal1	3393506	3394750	8
sal1	3462413	3463750	8
sal1	3670400	3671716	8
sal1	637030	637683	8
sal1	1719614	1720015	8
sal1	3219645	3220961	8
sal1	306723	308606	8
sal1	3550582	3551931	8
sal1	913787	914686	8
sal1	3965703	3966605	8
sal1	2561203	2562102	8
sal1	836365	837117	8
sal1	363226	364470	8
sal1	240609	241232	8
sal1	593036	594295	8
sal1	327730	328518	8
sal1	2813498	2814718	8
sal1	1572266	1572880	8
sal1	3508125	3509018	8
sal1	285523	286338	8
sal1	2447937	2449139	8
sal1	4562037	4562258	8
sal1	162463	163206	8
sal1	2362479	2363129	8
sal1	4554338	4554964	8
sal1	2468646	2469749	8
sal1	2064945	2065322	8
sal1	4679388	4680203	8
sal1	1566439	1567134	8
sal1	2058210	2059205	8
sal1	3927532	3928395	8
sal1	3341460	3342809	8
sal1	1216429	1217925	8
sal1	3984450	3985193	8
sal1	1672578	1673639	8
sal1	838375	839523	8
sal1	410166	411176	8
sal1	2288112	2289134	8
sal1	4463975	4464973	8
sal1	1632122	1633129	8
sal1	3061830	3062594	8
sal1	3522253	3522870	8
sal1	428187	428810	8
sal1	2286615	2287613	8
sal1	4808154	4808942	8
sal1	571114	571944	8
sal1	1274480	1275064	8
sal1	1564066	1564965	8
sal1	4725810	4727129	8
sal1	169913	170767	8
sal1	1360409	1361695	8
sal1	2686443	2687486	8
sal1	450795	451484	8
sal1	4042531	4043631	8
sal1	4638194	4639042	8
sal1	685370	686278	8
sal1	3430321	3431364	8
sal1	523357	523926	8
sal1	3828502	3829206	8
sal1	3441265	3442161	8
sal1	1713252	1714595	8
sal1	2557626	2558525	8
sal1	1704525	1705331	8
sal1	1311172	1312035	8
sal1	1043794	1045086	8
sal1	1773793	1774521	8
sal1	4174876	4175637	8
sal1	866765	866938	8
sal1	1981480	1982349	8
sal1	586701	587849	8
sal1	1697531	1698199	8
sal1	612708	613304	8
sal1	2465509	2466291	8
sal1	1415668	1416651	8
sal1	3726372	3727688	8
sal1	3641089	3642177	8
sal1	1992623	1993222	8
sal1	2399431	2400213	8
sal1	309924	310826	8
sal1	1408210	1408524	8
sal1	2811477	2812547	8
sal1	482138	483151	8
sal1	425165	428101	8
sal1	823774	824826	8
sal1	2154647	2155384	8
sal1	2380314	2381042	8
sal1	4729228	4729758	8
sal1	3137909	3138796	8
sal1	936746	937504	7
sal1	3936197	3936886	7
sal1	194200	194994	7
sal1	3045703	3046050	7
sal1	1253115	1253762	7
sal1	1005689	1006519	7
sal1	152610	153530	7
sal1	1788153	1788959	7
sal1	1291142	1291780	7
sal1	4509401	4510288	7
sal1	1285266	1286063	7
sal1	2077565	2078761	7
sal1	1316013	1317134	7
sal1	4613607	4614338	7
sal1	580140	581018	7
sal1	308622	309116	7
sal1	2846296	2849103	7
sal1	2850112	2851284	7
sal1	728911	729837	7
sal1	1457408	1457824	7
sal1	1225054	1225992	7
sal1	2853998	2855572	7
sal1	3863122	3863982	7
sal1	3659616	3660335	7
sal1	2542304	2543065	7
sal1	3049605	3050126	7
sal1	316893	317378	7
sal1	2604041	2604919	7
sal1	1089783	1090874	7
sal1	4437139	4437426	7
sal1	1246409	1247527	7
sal1	1060599	1061291	7
sal1	3034341	3035252	7
sal1	2256365	2257096	7
sal1	4427621	4428343	7
sal1	4426005	4426934	7
sal1	604750	605283	7
sal1	3489618	3490271	7
sal1	3581644	3581913	7
sal1	604117	604674	7
sal1	3260950	3261654	7
sal1	468700	469239	7
sal1	2817204	2818565	7
sal1	4186894	4187952	7
sal1	515100	516155	7
sal1	511671	512366	7
sal1	3228429	3229289	7
sal1	561424	562341	7
sal1	3357009	3357686	7
sal1	1817401	1818282	7
sal1	564931	565701	7
sal1	574852	575778	7
sal1	501665	502963	7
sal1	2786610	2787299	7
sal1	3060710	3061633	7
sal1	4128200	4129246	7
sal1	2477352	2478620	7
sal1	3353092	3353865	7
sal1	2044133	2044684	7
sal1	3970525	3971274	7
sal1	3969668	3970528	7
sal1	148715	149959	7
sal1	155682	156833	7
sal1	3124510	3125658	7
sal1	286377	287030	7
sal1	2056004	2056318	7
sal1	2201053	2201502	7
sal1	400860	401324	7
sal1	2430918	2431895	7
sal1	2182655	2183935	7
sal1	1267133	1268086	7
sal1	3842910	3843212	7
sal1	2195074	2196288	7
sal1	3262534	3263127	7
sal1	3773387	3774364	7
sal1	3770003	3771046	7
sal1	3747673	3748230	7
sal1	4633904	4634566	7
sal1	3492928	3493857	7
sal1	1792129	1792917	7
sal1	632189	633175	7
sal1	2278314	2279009	7
sal1	3233302	3233727	7
sal1	383580	384341	7
sal1	4283513	4285048	7
sal1	2277919	2278317	7
sal1	3181904	3182386	7
sal1	776240	777721	7
sal1	2266635	2267222	7
sal1	848201	849019	7
sal1	3314330	3315973	7
sal1	869335	870243	7
sal1	4419394	4419849	7
sal1	3323051	3323968	7
sal1	3096563	3097234	7
sal1	340454	340702	7
sal1	884684	885358	7
sal1	4802809	4803546	7
sal1	1490267	1491016	7
sal1	891480	892406	7
sal1	1753656	1754171	7
sal1	4848954	4849511	7
sal1	1568515	1569663	7
sal1	208382	208921	7
sal1	569724	570857	7
sal1	1412192	1414120	7
sal1	1157895	1158413	7
sal1	1971068	1971766	7
sal1	3206923	3207903	7
sal1	660681	661094	7
sal1	3411392	3412381	7
sal1	668045	668947	7
sal1	4323830	4324492	7
sal1	7664	8617	7
sal1	4165141	4165761	7
sal1	804563	805771	7
sal1	612235	612546	7
sal1	3243352	3244368	7
sal1	2300545	2301408	7
sal1	618592	618921	7
sal1	2237536	2238540	7
sal1	1533760	1534338	7
sal1	4118956	4119237	7
sal1	1816773	1817393	7
sal1	3574672	3575214	7
sal1	854049	854774	7
sal1	1701035	1701574	7
sal1	845677	846450	7
sal1	253052	253846	7
sal1	699754	700899	7
sal1	2224534	2225256	7
sal1	1741122	1741532	7
sal1	3480968	3481954	7
sal1	1814362	1815123	7
sal1	4670374	4671207	7
sal1	1803142	1803906	7
sal1	60163	61083	7
sal1	1615325	1616416	7
sal1	2076616	2076915	7
sal1	268928	269524	7
sal1	4667923	4668933	7
sal1	3479977	3480954	7
sal1	527403	527954	7
sal1	2704074	2705411	7
sal1	4160075	4160959	7
sal1	4709342	4710562	7
sal1	4532654	4533724	7
sal1	367430	368680	7
sal1	1524811	1525671	7
sal1	682408	683304	7
sal1	4250333	4251433	7
sal1	1030879	1031583	7
sal1	3911777	3912475	7
sal1	1955003	1955422	7
sal1	1504225	1505373	7
sal1	4852866	4853411	7
sal1	4830428	4831117	7
sal1	4752682	4753407	7
sal1	2454093	2454923	7
sal1	4711238	4711690	7
sal1	1307667	1308713	7
sal1	2108513	2109091	7
sal1	3758507	3760003	7
sal1	1837636	1838544	7
sal1	2283935	2284945	7
sal1	3307818	3308306	7
sal1	1917758	1918453	7
sal1	3002521	3003489	7
sal1	1736032	1736481	7
sal1	4164481	4165101	7
sal1	4637148	4638113	7
sal1	40130	41623	7
sal1	4723471	4724553	7
sal1	1804102	1804692	7
sal1	481023	482132	7
sal1	4332309	4333160	7
sal1	1891942	1893078	7
sal1	47417	48316	7
sal1	2547316	2547555	7
sal1	539118	539633	7
sal1	2818731	2819522	7
sal1	4046437	4048083	7
sal1	4651977	4653185	7
sal1	4703987	4704922	7
sal1	1507910	1508935	7
sal1	2122671	2123021	7
sal1	3135961	3137166	7
sal1	597118	597627	7
sal1	1815120	1815710	7
sal1	2274346	2275383	7
sal1	4806820	4807494	7
sal1	116298	116600	7
sal1	168372	169265	7
sal1	4759587	4760048	7
sal1	2662286	2662915	7
sal1	2281390	2282631	7
sal1	1371788	1372804	7
sal1	1341710	1342522	7
sal1	742919	744073	7
sal1	4562575	4562868	7
sal1	3552272	3553723	7
sal1	437717	438037	7
sal1	101423	102271	7
sal1	1835616	1836620	7
sal1	4763574	4764104	7
sal1	2982445	2983371	7
sal1	1876017	1876640	7
sal1	2355714	2356409	7
sal1	2155366	2156142	7
sal1	417977	418864	7
sal1	4577417	4578274	7
sal1	2130090	2130644	7
sal1	2124430	2124921	7
sal1	1997767	1998585	7
sal1	4844250	4844939	7
sal1	4623820	4624884	7
sal1	1028378	1029238	7
sal1	4204847	4205755	7
sal1	1075623	1076516	7
sal1	1848932	1849945	7
sal1	1850036	1850941	7
sal1	4645216	4645854	7
sal1	2782037	2782774	7
sal1	563152	563931	6
sal1	1236406	1237941	6
sal1	1515064	1515960	6
sal1	4379117	4379875	6
sal1	4592593	4593561	6
sal1	2550979	2551518	6
sal1	1726052	1726732	6
sal1	3556650	3557534	6
sal1	1955792	1956061	6
sal1	1406301	1407059	6
sal1	4298166	4299095	6
sal1	4235767	4236570	6
sal1	3359787	3360407	6
sal1	3533304	3534233	6
sal1	3636254	3637258	6
sal1	17042	17485	6
sal1	2575541	2576557	6
sal1	1283613	1284254	6
sal1	1434500	1435264	6
sal1	3317054	3317569	6
sal1	2034776	2035108	6
sal1	2148427	2149251	6
sal1	3797429	3798538	6
sal1	1184440	1184850	6
sal1	4264705	4265220	6
sal1	3504447	3504914	6
sal1	2575210	2575500	6
sal1	948387	949499	6
sal1	4533734	4534402	6
sal1	2402595	2403020	6
sal1	1172159	1172707	6
sal1	3597380	3597856	6
sal1	1970388	1971044	6
sal1	2550586	2550966	6
sal1	1440410	1441276	6
sal1	1956227	1956367	6
sal1	1374930	1375481	6
sal1	1722633	1722977	6
sal1	1401593	1402192	6
sal1	3163386	3164081	6
sal1	2007816	2008208	6
sal1	3992255	3993571	6
sal1	2029930	2030169	6
sal1	4815896	4816513	6
sal1	3116332	3116661	6
sal1	3416459	3417349	6
sal1	3134277	3135194	6
sal1	2026128	2026685	6
sal1	3271461	3272717	6
sal1	1261798	1262580	6
sal1	1983988	1984959	6
sal1	3774540	3775259	6
sal1	4414008	4414697	6
sal1	2001787	2002356	6
sal1	1380932	1381738	6
sal1	3846478	3847800	6
sal1	744133	744933	6
sal1	1759686	1760243	6
sal1	602704	603570	6
sal1	4343092	4344009	6
sal1	2306222	2307352	6
sal1	1281789	1282598	6
sal1	3505783	3506472	6
sal1	1331165	1331428	6
sal1	4586110	4587087	6
sal1	3921142	3921951	6
sal1	594307	595116	6
sal1	2065322	2066059	6
sal1	3131521	3131943	6
sal1	2459624	2460268	6
sal1	1767325	1767915	6
sal1	4534399	4536042	6
sal1	3322328	3322987	6
sal1	3542405	3543457	6
sal1	3262236	3262526	6
sal1	3760866	3761300	6
sal1	1088408	1089598	6
sal1	4713362	4714174	6
sal1	1866064	1866714	6
sal1	3666948	3667862	6
sal1	1175535	1176215	6
sal1	433302	433517	6
sal1	616439	617365	6
sal1	556966	557793	6
sal1	609694	610212	6
sal1	1545391	1546320	6
sal1	1371105	1371761	6
sal1	1953414	1953809	6
sal1	1400065	1401456	6
sal1	573688	574782	6
sal1	4060752	4061525	6
sal1	4385944	4386534	6
sal1	3543522	3544565	6
sal1	8728	9318	6
sal1	4537653	4538414	6
sal1	3719394	3720428	6
sal1	1746608	1746946	6
sal1	3230697	3231860	6
sal1	91743	92030	6
sal1	472980	473495	6
sal1	1696299	1697477	6
sal1	88683	89453	6
sal1	2496758	2497309	6
sal1	1354129	1354440	6
sal1	3184182	3185048	6
sal1	273043	274002	6
sal1	3990565	3991155	6
sal1	1678338	1678853	6
sal1	2398212	2399429	6
sal1	3486814	3487668	6
sal1	3068484	3069245	6
sal1	1388547	1389032	6
sal1	3032596	3033387	6
sal1	3308299	3308793	6
sal1	3347740	3348372	6
sal1	2951157	2951588	6
sal1	4549192	4549911	6
sal1	3767657	3768499	6
sal1	3790281	3791567	6
sal1	1509403	1509984	6
sal1	249289	250113	6
sal1	2906455	2906922	6
sal1	4832480	4833124	6
sal1	1600200	1601072	6
sal1	3702823	3704118	6
sal1	1195409	1196305	6
sal1	3045269	3045718	6
sal1	1747302	1748237	6
sal1	1969538	1969912	6
sal1	2457381	2458400	6
sal1	617362	617724	6
sal1	4407223	4408047	6
sal1	1048397	1049260	6
sal1	634318	635172	6
sal1	589982	591031	6
sal1	2682931	2683425	6
sal1	635933	636403	6
sal1	3345888	3346469	6
sal1	2978871	2979842	6
sal1	937576	938184	6
sal1	4676906	4677928	6
sal1	4674785	4676725	6
sal1	3047625	3048152	6
sal1	3803474	3804226	6
sal1	1917105	1917686	6
sal1	3008957	3009805	6
sal1	698403	699614	6
sal1	95270	95464	6
sal1	3832817	3833479	6
sal1	800504	801223	6
sal1	4607727	4608731	6
sal1	3711506	3712039	6
sal1	3476952	3477587	6
sal1	833341	834039	6
sal1	2821589	2822179	6
sal1	236264	237103	6
sal1	247951	249252	6
sal1	811115	812254	6
sal1	588725	589960	6
sal1	1297771	1298736	6
sal1	1303860	1304561	6
sal1	240119	240508	6
sal1	2819587	2820828	6
sal1	2914845	2915417	6
sal1	94770	95060	6
sal1	875589	876149	6
sal1	2859836	2860345	6
sal1	313933	314475	6
sal1	2558620	2559195	6
sal1	883689	884684	6
sal1	2238537	2239502	6
sal1	2855569	2856174	6
sal1	2463620	2464306	6
sal1	3478162	3478944	6
sal1	2601108	2601971	6
sal1	4626660	4626965	6
sal1	217029	217733	6
sal1	2156136	2156747	6
sal1	2602990	2604024	6
sal1	1668368	1669213	6
sal1	1571251	1571961	6
sal1	2359152	2359643	6
sal1	3137166	3137609	6
sal1	3581971	3582396	6
sal1	4178068	4178673	6
sal1	3164263	3164976	6
sal1	378536	378934	6
sal1	4096556	4097554	6
sal1	241269	242069	6
sal1	4461815	4462330	6
sal1	1486457	1487044	6
sal1	2952102	2952512	6
sal1	1074666	1075412	6
sal1	1348180	1349028	6
sal1	257846	259042	6
sal1	235734	236264	6
sal1	2106720	2107775	6
sal1	4225782	4227203	6
sal1	1587978	1588664	6
sal1	1569663	1570310	6
sal1	3920635	3921114	6
sal1	2102019	2102696	6
sal1	3728665	3729378	6
sal1	4418855	4419145	6
sal1	2252640	2253170	6
sal1	2705408	2706172	6
sal1	346974	347795	6
sal1	476516	477415	6
sal1	384403	384939	6
sal1	4385231	4385902	6
sal1	1870400	1871254	6
sal1	2684435	2685238	6
sal1	2536768	2537694	6
sal1	374837	375715	6
sal1	3380164	3380811	6
sal1	1836617	1837624	6
sal1	4593653	4594729	6
sal1	3603136	3603492	6
sal1	4626975	4627439	6
sal1	303402	304133	6
sal1	3669448	3670023	6
sal1	3905327	3906259	6
sal1	1206495	1207133	5
sal1	2031682	2032347	5
sal1	2022850	2023278	5
sal1	4313436	4314293	5
sal1	621812	622048	5
sal1	713526	714479	5
sal1	4796644	4797480	5
sal1	758238	759008	5
sal1	24468	25010	5
sal1	2460411	2461058	5
sal1	2040608	2041360	5
sal1	560975	561427	5
sal1	835498	836274	5
sal1	2055000	2055233	5
sal1	1229716	1230366	5
sal1	1529877	1530497	5
sal1	4554957	4555730	5
sal1	1754325	1755119	5
sal1	284296	285003	5
sal1	2441993	2443207	5
sal1	755355	756281	5
sal1	493354	494244	5
sal1	458073	458675	5
sal1	3979148	3979471	5
sal1	2691074	2692351	5
sal1	693658	694446	5
sal1	1999074	1999817	5
sal1	1222920	1224026	5
sal1	3979841	3980701	5
sal1	1746124	1746558	5
sal1	1322738	1323199	5
sal1	260995	262347	5
sal1	540244	540795	5
sal1	1830792	1831193	5
sal1	280692	281237	5
sal1	2587087	2587662	5
sal1	3074397	3075305	5
sal1	1231618	1232073	5
sal1	2572545	2573384	5
sal1	4374290	4374613	5
sal1	2944455	2945132	5
sal1	4340537	4341313	5
sal1	3318586	3319470	5
sal1	941974	942594	5
sal1	960296	961027	5
sal1	69709	70002	5
sal1	4821430	4822227	5
sal1	1530501	1531559	5
sal1	4074123	4075505	5
sal1	1676090	1676755	5
sal1	3957734	3958198	5
sal1	2082347	2083144	5
sal1	4809063	4810127	5
sal1	500119	500751	5
sal1	4675916	4676725	5
sal1	1354426	1354773	5
sal1	2267354	2267950	5
sal1	2105995	2106720	5
sal1	1908507	1909037	5
sal1	922529	923440	5
sal1	3256146	3256925	5
sal1	2013732	2014598	5
sal1	4853750	4854421	5
sal1	4680256	4681140	5
sal1	1648887	1649543	5
sal1	4224017	4224865	5
sal1	1233479	1234963	5
sal1	1394934	1396289	5
sal1	4242297	4243226	5
sal1	13594	14733	5
sal1	3516883	3517953	5
sal1	1974065	1974724	5
sal1	4671204	4672370	5
sal1	705074	705682	5
sal1	489947	490108	5
sal1	4252111	4252770	5
sal1	2976003	2976500	5
sal1	3123603	3124418	5
sal1	1829292	1830035	5
sal1	1257420	1258079	5
sal1	4149572	4150114	5
sal1	4655512	4656510	5
sal1	4659439	4660872	5
sal1	4339525	4340529	5
sal1	356810	357550	5
sal1	3639714	3640991	5
sal1	74016	74837	5
sal1	3005848	3006192	5
sal1	4798551	4799582	5
sal1	4249119	4250150	5
sal1	1064996	1065679	5
sal1	4152271	4153098	5
sal1	2206883	2207464	5
sal1	1815797	1816672	5
sal1	4711764	4712768	5
sal1	4241996	4242250	5
sal1	4433454	4433978	5
sal1	1439607	1440365	5
sal1	3009904	3010812	5
sal1	1277301	1278254	5
sal1	1349842	1350387	5
sal1	1278270	1279199	5
sal1	3844396	3844749	5
sal1	795956	797239	5
sal1	3335959	3336696	5
sal1	3247103	3247903	5
sal1	3897575	3899119	5
sal1	1096833	1098035	5
sal1	2493711	2494535	5
sal1	821303	822022	5
sal1	3242331	3243338	5
sal1	1312019	1313155	5
sal1	3912498	3913508	5
sal1	945783	946505	5
sal1	3958209	3959066	5
sal1	234749	235261	5
sal1	375715	376629	5
sal1	543212	543817	5
sal1	3510053	3510553	5
sal1	3687310	3688140	5
sal1	1375599	1376642	5
sal1	4346242	4346601	5
sal1	4346648	4347748	5
sal1	3165555	3166595	5
sal1	1786269	1787159	5
sal1	4255094	4255921	5
sal1	4529033	4529497	5
sal1	3467936	3468412	5
sal1	4377034	4378167	5
sal1	2795782	2796237	5
sal1	4765083	4765991	5
sal1	1912811	1913623	5
sal1	4842039	4842686	5
sal1	1560960	1561781	5
sal1	1698938	1699951	5
sal1	2039654	2040376	5
sal1	3316280	3316774	5
sal1	1487047	1487463	5
sal1	4041310	4042383	5
sal1	1572923	1573780	5
sal1	3722341	3722757	5
sal1	1881086	1881694	5
sal1	697290	697865	5
sal1	3741235	3741606	5
sal1	694864	695829	5
sal1	2369992	2370642	5
sal1	3070751	3071461	5
sal1	4233776	4234672	5
sal1	4391173	4392462	5
sal1	3781684	3782712	5
sal1	3048225	3048413	5
sal1	4669030	4670373	5
sal1	3098751	3100388	5
sal1	3254818	3255315	5
sal1	2376755	2377957	5
sal1	3024114	3024374	5
sal1	3787591	3788520	5
sal1	3014431	3015030	5
sal1	2232575	2232991	5
sal1	1781740	1782408	5
sal1	1459047	1459286	5
sal1	3959850	3960530	5
sal1	3040488	3041606	5
sal1	2955954	2957156	5
sal1	156934	157851	5
sal1	3115082	3115531	5
sal1	3109325	3110467	5
sal1	3102446	3102802	5
sal1	1491579	1492253	5
sal1	418987	420156	5
sal1	3093390	3094187	5
sal1	3786595	3787362	5
sal1	4225022	4225714	5
sal1	4238223	4238660	5
sal1	371403	372641	5
sal1	2934593	2935570	5
sal1	4123439	4124704	5
sal1	2959443	2960627	5
sal1	846450	847139	5
sal1	3368550	3369164	5
sal1	3333121	3334428	5
sal1	3718426	3719397	5
sal1	587929	588714	5
sal1	3738757	3740232	5
sal1	2081159	2081578	5
sal1	1764389	1765246	5
sal1	1691239	1691637	5
sal1	3371958	3372569	5
sal1	3725421	3726308	5
sal1	140406	141347	5
sal1	3067864	3068490	5
sal1	2556597	2557388	5
sal1	175315	176079	5
sal1	3645221	3645760	5
sal1	1192346	1193149	5
sal1	2464489	2465271	5
sal1	2480460	2481272	5
sal1	2193745	2194299	5
sal1	2197477	2197965	5
sal1	1606407	1607525	5
sal1	61105	61791	5
sal1	2541086	2542072	5
sal1	3477606	3478157	5
sal1	2486913	2487281	5
sal1	4812668	4813114	5
sal1	116815	117234	5
sal1	1187493	1187933	5
sal1	2354858	2355727	5
sal1	1757882	1758484	5
sal1	4577016	4577369	5
sal1	1717666	1718784	5
sal1	1160952	1162004	5
sal1	1368683	1369678	5
sal1	2990126	2990671	5
sal1	161545	161940	5
sal1	3738086	3738754	5
sal1	2302657	2303514	5
sal1	3439041	3439544	5
sal1	3431475	3432248	5
sal1	3440279	3441274	5
sal1	3113243	3114601	5
sal1	2280224	2280943	5
sal1	3599564	3601678	5
sal1	4416357	4416629	5
sal1	847142	848200	5
sal1	4614889	4615587	5
sal1	4616630	4617313	5
sal1	2788656	2789075	5
sal1	4057117	4057701	5
sal1	2305284	2306222	5
sal1	3864832	3865647	5
sal1	1474118	1475077	5
sal1	4153799	4154701	5
sal1	3436350	3436925	5
sal1	3000226	3001098	5
sal1	2487281	2487799	5
sal1	2692346	2693485	5
sal1	3378378	3378884	5
sal1	4185174	4185875	5
sal1	2029387	2029884	5
sal1	2722442	2723173	5
sal1	1551280	1552011	5
sal1	4455224	4456096	5
sal1	700910	702022	5
sal1	1706560	1707351	5
sal1	2724827	2725507	4
sal1	2395856	2396032	4
sal1	2104410	2105204	4
sal1	2513795	2514037	4
sal1	4665475	4665777	4
sal1	3224782	3225441	4
sal1	2109680	2110819	4
sal1	4091671	4092090	4
sal1	1592368	1592895	4
sal1	4661331	4662767	4
sal1	3044395	3044838	4
sal1	72928	73836	4
sal1	2102966	2103703	4
sal1	2680059	2680574	4
sal1	4259077	4259913	4
sal1	4132791	4133015	4
sal1	2012686	2013735	4
sal1	3024418	3024666	4
sal1	3312650	3313768	4
sal1	1752835	1753398	4
sal1	1005369	1005692	4
sal1	1869246	1870346	4
sal1	4727191	4727955	4
sal1	1396302	1397060	4
sal1	1791712	1792011	4
sal1	1337437	1337967	4
sal1	2456685	2457128	4
sal1	1834355	1834684	4
sal1	1393967	1394809	4
sal1	4684307	4684669	4
sal1	2992171	2992581	4
sal1	1027681	1028358	4
sal1	260126	260983	4
sal1	2456332	2456604	4
sal1	4012332	4013375	4
sal1	1611294	1612037	4
sal1	1198986	1199906	4
sal1	3043288	3043938	4
sal1	2443301	2443900	4
sal1	72399	72950	4
sal1	3481975	3482541	4
sal1	3463743	3464591	4
sal1	4453615	4454532	4
sal1	4282298	4283257	4
sal1	2651146	2651367	4
sal1	4642515	4643072	4
sal1	2120318	2120839	4
sal1	4622214	4622963	4
sal1	2123040	2123315	4
sal1	4639130	4639516	4
sal1	3878560	3879150	4
sal1	1240779	1241153	4
sal1	4272342	4273304	4
sal1	4338285	4339436	4
sal1	1052690	1053514	4
sal1	4629782	4630057	4
sal1	2510499	2511692	4
sal1	4201696	4202211	4
sal1	872891	873343	4
sal1	1974818	1975171	4
sal1	872638	872889	4
sal1	483349	484068	4
sal1	4712934	4713350	4
sal1	486780	487691	4
sal1	3619766	3620329	4
sal1	102282	102659	4
sal1	3751354	3751755	4
sal1	1690976	1691206	4
sal1	2291439	2292296	4
sal1	2260072	2260989	4
sal1	1707351	1707788	4
sal1	4691985	4692449	4
sal1	2253741	2254460	4
sal1	1827886	1828524	4
sal1	899536	900051	4
sal1	1391155	1391496	4
sal1	4588867	4589181	4
sal1	576566	577384	4
sal1	3013794	3014474	4
sal1	3141361	3142614	4
sal1	4594812	4595357	4
sal1	1735430	1736035	4
sal1	2446565	2447059	4
sal1	1856167	1856877	4
sal1	1993782	1994522	4
sal1	440845	441390	4
sal1	441859	442536	4
sal1	1041568	1042182	4
sal1	56688	57188	4
sal1	29432	29977	4
sal1	1445111	1446229	4
sal1	265405	266430	4
sal1	1426590	1427423	4
sal1	4773779	4774294	4
sal1	1506981	1507913	4
sal1	3827460	3827996	4
sal1	4581849	4582382	4
sal1	3553735	3554616	4
sal1	4234837	4235733	4
sal1	3158823	3159698	4
sal1	2597332	2597688	4
sal1	2614108	2614746	4
sal1	1851561	1852403	4
sal1	2609858	2610583	4
sal1	2294263	2295150	4
sal1	4193032	4193646	4
sal1	25111	25797	4
sal1	1177530	1177850	4
sal1	957937	958668	4
sal1	1276142	1277221	4
sal1	4321833	4322456	4
sal1	961045	961773	4
sal1	1931272	1931742	4
sal1	3708639	3709745	4
sal1	3251698	3252852	4
sal1	4178670	4180310	4
sal1	2114395	2115306	4
sal1	3199224	3200741	4
sal1	4541212	4542144	4
sal1	3342916	3343497	4
sal1	1929550	1930350	4
sal1	3370573	3371397	4
sal1	1616462	1617253	4
sal1	2055498	2055884	4
sal1	902273	902746	4
sal1	3016081	3016323	4
sal1	4363549	4364253	4
sal1	3859984	3860970	4
sal1	4812286	4812723	4
sal1	2961781	2962953	4
sal1	207651	208334	4
sal1	203990	205069	4
sal1	4289421	4290185	4
sal1	716568	717041	4
sal1	3166682	3167884	4
sal1	1349610	1349759	4
sal1	600566	601390	4
sal1	3290598	3290978	4
sal1	3290978	3291463	4
sal1	2578513	2578848	4
sal1	3528869	3529132	4
sal1	391056	391697	4
sal1	3158022	3158816	4
sal1	2340883	2343249	4
sal1	902743	903855	4
sal1	750992	751324	4
sal1	1489783	1490010	4
sal1	1490022	1490270	4
sal1	3058819	3059457	4
sal1	3325412	3326239	4
sal1	4803549	4804088	4
sal1	878352	879110	4
sal1	873391	874095	4
sal1	3813257	3814276	4
sal1	897489	897992	4
sal1	3203693	3204406	4
sal1	780381	781115	4
sal1	778050	778793	4
sal1	1570320	1571222	4
sal1	4719885	4720367	4
sal1	4580671	4581258	4
sal1	266536	266991	4
sal1	3318058	3318462	4
sal1	4023364	4024548	4
sal1	4813133	4813813	4
sal1	2038243	2038899	4
sal1	3208019	3208678	4
sal1	3836836	3837375	4
sal1	1262635	1263333	4
sal1	3998637	3999497	4
sal1	1847821	1848729	4
sal1	9375	9941	4
sal1	3340804	3341463	4
sal1	3304436	3305302	4
sal1	3343529	3343843	4
sal1	158198	158626	4
sal1	2051223	2051591	4
sal1	154359	155621	4
sal1	2912626	2913165	4
sal1	3971916	3972341	4
sal1	3978805	3979164	4
sal1	201409	202071	4
sal1	4582494	4582853	4
sal1	3350938	3352101	4
sal1	3772478	3773323	4
sal1	1151992	1153899	4
sal1	516268	516726	4
sal1	1905882	1906601	4
sal1	1649536	1650420	4
sal1	467537	468400	4
sal1	523959	524348	4
sal1	3267817	3268536	4
sal1	3511460	3512212	4
sal1	4186129	4186842	4
sal1	1449547	1449957	4
sal1	3437758	3438276	4
sal1	2466580	2467149	4
sal1	4150949	4151338	4
sal1	442607	442891	4
sal1	3740941	3741213	4
sal1	2324546	2326306	4
sal1	3686458	3687216	4
sal1	3779479	3780081	4
sal1	3017842	3018771	4
sal1	1607666	1608007	4
sal1	1516040	1516561	4
sal1	4606465	4607724	4
sal1	3985546	3985998	4
sal1	1520358	1520825	4
sal1	3638697	3639533	4
sal1	1228013	1228846	4
sal1	2875281	2875790	4
sal1	182719	183003	4
sal1	2517962	2518927	4
sal1	3879660	3880022	4
sal1	2777316	2777795	4
sal1	1910952	1911611	4
sal1	3395200	3395862	4
sal1	348610	349557	4
sal1	1226076	1226813	4
sal1	2387528	2388598	4
sal1	3741748	3742374	4
sal1	4583270	4584004	4
sal1	1249654	1250214	4
sal1	2820949	2821554	4
sal1	4548609	4548875	4
sal1	2789148	2789828	4
sal1	4006747	4007094	4
sal1	4595419	4596159	4
sal1	3856660	3857124	4
sal1	1880556	1880834	4
sal1	2562123	2562452	4
sal1	947562	948038	4
sal1	3047338	3047628	4
sal1	3478952	3479764	4
sal1	4269758	4270456	4
sal1	1284251	1285255	4
sal1	4843764	4844237	4
sal1	4056362	4057117	4
sal1	2980228	2981007	4
sal1	1248184	1248429	4
sal1	3046323	3046649	4
sal1	962003	962518	4
sal1	944667	945044	4
sal1	3713303	3713998	4
sal1	323396	323827	4
sal1	1871292	1872101	4
sal1	3858219	3858692	3
sal1	1791558	1791737	3
sal1	4617331	4617729	3
sal1	3438256	3438699	3
sal1	3930553	3931170	3
sal1	4658555	4659388	3
sal1	1656397	1656777	3
sal1	4622960	4623715	3
sal1	3529236	3529502	3
sal1	4524499	4525188	3
sal1	3548104	3549108	3
sal1	4665900	4666724	3
sal1	2806661	2807398	3
sal1	3983675	3983962	3
sal1	4560613	4560900	3
sal1	4578556	4579584	3
sal1	3340260	3340652	3
sal1	3879160	3879369	3
sal1	3389582	3390079	3
sal1	3982241	3983599	3
sal1	2445895	2446572	3
sal1	3993602	3994522	3
sal1	3266722	3267441	3
sal1	1233001	1233540	3
sal1	3697990	3698745	3
sal1	3779117	3779473	3
sal1	1610381	1610680	3
sal1	2485949	2486323	3
sal1	4098959	4099663	3
sal1	3261673	3262239	3
sal1	3983959	3984432	3
sal1	3915694	3915927	3
sal1	3400018	3400914	3
sal1	4423935	4424294	3
sal1	1828862	1829266	3
sal1	4267178	4267930	3
sal1	3165146	3165364	3
sal1	4435589	4436044	3
sal1	4715003	4715506	3
sal1	2027918	2028556	3
sal1	2714568	2715203	3
sal1	4807545	4808003	3
sal1	4804181	4804654	3
sal1	3614940	3615344	3
sal1	923531	924856	3
sal1	4406805	4407212	3
sal1	3709872	3710252	3
sal1	4209264	4209896	3
sal1	2720726	2721652	3
sal1	4795875	4796654	3
sal1	4429384	4429593	3
sal1	4417930	4418658	3
sal1	2609472	2609831	3
sal1	3746935	3747600	3
sal1	1323537	1324202	3
sal1	3740358	3740954	3
sal1	4419846	4420451	3
sal1	3063188	3063781	3
sal1	2272976	2273620	3
sal1	2233113	2233448	3
sal1	4438146	4438349	3
sal1	2410944	2411321	3
sal1	2935582	2936016	3
sal1	3603492	3603878	3
sal1	1610680	1611288	3
sal1	1605148	1605690	3
sal1	2458406	2458960	3
sal1	3835871	3836161	3
sal1	3834722	3835432	3
sal1	2812987	2813505	3
sal1	2948812	2949162	3
sal1	3514862	3515266	3
sal1	1592066	1592248	3
sal1	2721690	2721950	3
sal1	1534338	1534919	3
sal1	4703050	4703436	3
sal1	3804675	3806246	3
sal1	4262564	4263247	3
sal1	3547017	3547991	3
sal1	3804227	3804430	3
sal1	1936557	1936844	3
sal1	4705039	4705179	3
sal1	2447142	2447597	3
sal1	2875826	2876065	3
sal1	1896838	1897092	3
sal1	3602841	3603128	3
sal1	4280254	4280520	3
sal1	4416727	4417668	3
sal1	494585	495199	3
sal1	601387	601824	3
sal1	4459263	4459871	3
sal1	879243	879653	3
sal1	299923	301290	3
sal1	858262	858738	3
sal1	4204211	4204834	3
sal1	3023695	3024087	3
sal1	3924733	3925188	3
sal1	3030904	3031401	3
sal1	4580252	4580386	3
sal1	1976938	1977579	3
sal1	2602102	2602815	3
sal1	134568	135512	3
sal1	4295883	4296728	3
sal1	4627453	4628103	3
sal1	1329885	1330406	3
sal1	3925970	3926611	3
sal1	3560034	3560696	3
sal1	4703513	4703974	3
sal1	3396394	3396762	3
sal1	637780	638148	3
sal1	1872105	1872494	3
sal1	4633091	4633726	3
sal1	3008106	3008966	3
sal1	1308738	1309517	3
sal1	1293646	1294188	3
sal1	497191	498147	3
sal1	761515	762000	3
sal1	3894129	3894950	3
sal1	3476656	3476952	3
sal1	1519870	1520310	3
sal1	1173839	1174168	3
sal1	3156104	3156424	3
sal1	711946	712287	3
sal1	1174255	1174914	3
sal1	831921	833222	3
sal1	1920552	1920896	3
sal1	1087699	1088346	3
sal1	4841047	4841373	3
sal1	1873324	1874406	3
sal1	16087	16431	3
sal1	3015002	3015760	3
sal1	2703659	2703997	3
sal1	769696	770280	3
sal1	602490	602702	3
sal1	2462129	2462905	3
sal1	3954080	3954697	3
sal1	3397951	3398436	3
sal1	2135401	2135868	3
sal1	2063531	2064535	3
sal1	2064532	2064945	3
sal1	2323699	2324394	3
sal1	3638002	3638679	3
sal1	1185183	1185695	3
sal1	2968993	2969559	3
sal1	3841860	3842771	3
sal1	162262	162453	3
sal1	115476	116096	3
sal1	163206	163826	3
sal1	4604970	4606250	3
sal1	3132001	3132711	3
sal1	122603	123370	3
sal1	183041	183832	3
sal1	4572698	4573213	3
sal1	52648	52863	3
sal1	10840	11244	3
sal1	2047654	2049141	3
sal1	3310493	3311671	3
sal1	3307484	3307825	3
sal1	2999130	2999591	3
sal1	3452994	3453395	3
sal1	3070272	3070751	3
sal1	2067423	2068046	3
sal1	3854030	3854503	3
sal1	3036262	3036705	3
sal1	1203048	1203554	3
sal1	2974857	2975918	3
sal1	3036683	3037978	3
sal1	3037975	3038382	3
sal1	3995634	3995924	3
sal1	458885	459466	3
sal1	440205	440660	3
sal1	757130	757660	3
sal1	3652391	3653059	3
sal1	3397112	3397510	3
sal1	259355	260113	3
sal1	52871	53809	3
sal1	1077408	1078211	3
sal1	355281	355859	3
sal1	4504395	4504853	3
sal1	1693398	1693628	3
sal1	1294443	1295747	3
sal1	1404693	1404983	3
sal1	1422788	1423501	3
sal1	1433543	1434478	3
sal1	1180406	1180516	3
sal1	2346700	2347347	3
sal1	1444294	1444653	3
sal1	1425040	1425231	3
sal1	1514072	1514671	3
sal1	332086	332532	3
sal1	2353681	2354283	3
sal1	4287112	4288134	3
sal1	501001	501318	3
sal1	4643333	4643605	3
sal1	4581515	4581832	3
sal1	386310	386609	3
sal1	1554216	1555160	3
sal1	2698536	2699867	3
sal1	2978311	2978874	3
sal1	1483085	1483327	3
sal1	1357707	1358225	3
sal1	4181325	4182104	3
sal1	4387739	4388194	3
sal1	2429796	2430350	3
sal1	2310491	2311294	3
sal1	4476301	4476831	3
sal1	2253227	2253694	3
sal1	3510559	3511197	3
sal1	2145823	2147187	3
sal1	1988186	1988971	3
sal1	2681122	2681508	3
sal1	3066555	3067688	3
sal1	4855387	4856103	3
sal1	1215263	1216144	3
sal1	1943982	1944566	3
sal1	3528034	3528504	3
sal1	1496985	1497362	3
sal1	959573	960289	3
sal1	1351395	1351757	3
sal1	4084711	4085169	3
sal1	3626062	3626388	3
sal1	4288163	4289038	3
sal1	4349911	4350762	3
sal1	1581792	1582118	3
sal1	2011624	2012268	3
sal1	872166	872651	3
sal1	3358887	3359246	3
sal1	4286082	4287083	3
sal1	1798905	1799657	3
sal1	4358706	4359656	3
sal1	1825823	1826326	3
sal1	3258671	3259087	3
sal1	4529619	4530062	3
sal1	4084178	4084621	3
sal1	1826400	1826906	3
sal1	1912080	1912787	3
sal1	364528	364929	3
sal1	479360	480157	3
sal1	1318678	1319352	3
sal1	1603562	1603921	3
sal1	3065500	3066492	3
sal1	2019194	2020123	3
sal1	4289082	4289411	3
sal1	1593322	1593714	3
sal1	1580702	1581262	3
sal1	2124925	2125200	3
sal1	80547	80942	3
sal1	1678853	1679302	3
sal1	3688216	3688542	2
sal1	2313656	2314228	2
sal1	3065219	3065455	2
sal1	1605539	1605865	2
sal1	3889602	3890075	2
sal1	1498734	1499381	2
sal1	2948328	2948777	2
sal1	896266	897012	2
sal1	374196	374822	2
sal1	759193	759735	2
sal1	3601775	3602245	2
sal1	2946044	2946343	2
sal1	317683	318168	2
sal1	2907069	2907335	2
sal1	1487515	1487949	2
sal1	2926805	2927857	2
sal1	2849587	2850102	2
sal1	1525730	1526335	2
sal1	2849230	2849532	2
sal1	2858898	2859182	2
sal1	2860326	2860541	2
sal1	2860545	2860748	2
sal1	3933109	3933732	2
sal1	322420	323193	2
sal1	316070	316180	2
sal1	1200141	1200503	2
sal1	2979854	2980216	2
sal1	3660561	3661034	2
sal1	3359320	3359529	2
sal1	945076	945339	2
sal1	3062613	3063017	2
sal1	3895028	3896047	2
sal1	2800	3729	2
sal1	3735938	3736792	2
sal1	2779430	2780005	2
sal1	4513169	4513483	2
sal1	2123801	2124433	2
sal1	4471540	4471956	2
sal1	3581295	3581708	2
sal1	2035809	2036357	2
sal1	844444	845232	2
sal1	1626831	1627079	2
sal1	1626557	1626841	2
sal1	4400259	4400696	2
sal1	4530182	4530517	2
sal1	4681196	4681747	2
sal1	1909559	1909732	2
sal1	4603557	4604507	2
sal1	2138078	2138656	2
sal1	4309143	4309460	2
sal1	4161635	4162504	2
sal1	1950125	1950364	2
sal1	4400853	4401782	2
sal1	1968115	1968234	2
sal1	4291854	4292282	2
sal1	706848	707489	2
sal1	211030	211410	2
sal1	3521843	3522097	2
sal1	2430361	2430903	2
sal1	2435983	2436483	2
sal1	4362414	4362959	2
sal1	2438375	2439037	2
sal1	1643550	1643879	2
sal1	4522066	4522686	2
sal1	4614470	4614874	2
sal1	4517580	4518233	2
sal1	4599901	4600362	2
sal1	1718816	1719091	2
sal1	3474556	3474843	2
sal1	1729108	1729545	2
sal1	1741576	1741842	2
sal1	1644229	1644660	2
sal1	3157367	3157837	2
sal1	1597489	1597923	2
sal1	1598182	1598847	2
sal1	471036	471506	2
sal1	3922691	3923356	2
sal1	2396038	2396841	2
sal1	442929	443840	2
sal1	4166904	4167704	2
sal1	2173346	2174119	2
sal1	3198603	3199148	2
sal1	38772	39533	2
sal1	4009927	4010340	2
sal1	3001089	3001361	2
sal1	459560	460624	2
sal1	2816075	2816623	2
sal1	302871	303338	2
sal1	4842683	4843552	2
sal1	280047	280307	2
sal1	1191823	1192203	2
sal1	3594947	3595552	2
sal1	1847276	1847689	2
sal1	3588874	3589407	2
sal1	4631518	4631967	2
sal1	2379347	2380231	2
sal1	3919349	3920626	2
sal1	1596842	1597057	2
sal1	2440123	2441061	2
sal1	2028812	2029147	2
sal1	167713	168150	2
sal1	3621229	3621801	2
sal1	598470	598964	2
sal1	2084454	2084927	2
sal1	16492	17025	2
sal1	1943198	1943884	2
sal1	2092803	2092964	2
sal1	2092953	2093279	2
sal1	4236761	4237360	2
sal1	1781097	1781456	2
sal1	1780856	1781074	2
sal1	2242252	2242566	2
sal1	3487665	3487937	2
sal1	217750	218280	2
sal1	129056	129661	2
sal1	1146948	1147958	2
sal1	102662	103483	2
sal1	256276	257001	2
sal1	1483591	1483917	2
sal1	1669497	1670129	2
sal1	566441	567127	2
sal1	2066069	2066338	2
sal1	4243223	4243858	2
sal1	3666477	3666713	2
sal1	4239661	4240107	2
sal1	562488	563165	2
sal1	2535945	2536706	2
sal1	582407	582661	2
sal1	3319583	3320008	2
sal1	2578021	2578500	2
sal1	663445	663642	2
sal1	677374	677802	2
sal1	645249	645467	2
sal1	4279033	4279755	2
sal1	4279853	4280017	2
sal1	656257	657432	2
sal1	3183788	3184060	2
sal1	732768	733241	2
sal1	774463	774669	2
sal1	2418776	2419087	2
sal1	2419136	2419597	2
sal1	3133863	3134258	2
sal1	1169897	1170313	2
sal1	511167	511565	2
sal1	556086	556880	2
sal1	539714	540091	2
sal1	3269771	3270046	2
sal1	2063059	2063526	2
sal1	247318	247704	2
sal1	4705149	4705637	2
sal1	278219	278608	2
sal1	4079364	4080179	2
sal1	1256608	1257030	2
sal1	3994847	3995632	2
sal1	1436693	1437844	2
sal1	356072	356839	2
sal1	1357603	1357710	2
sal1	469391	469840	2
sal1	1259072	1259770	2
sal1	1323211	1323540	2
sal1	4119526	4119675	2
sal1	3205439	3205960	2
sal1	610258	610890	2
sal1	4795388	4795849	2
sal1	432726	433034	2
sal1	487799	488308	2
sal1	4794951	4795373	2
sal1	4414769	4414870	2
sal1	1420633	1421184	2
sal1	1800254	1800580	2
sal1	1910413	1910874	2
sal1	2079221	2079433	2
sal1	3836450	3836662	2
sal1	1579539	1579847	2
sal1	1581298	1581639	2
sal1	1868316	1868669	2
sal1	514232	515050	2
sal1	2099136	2099681	2
sal1	4672431	4673231	2
sal1	826494	827345	2
sal1	955901	956221	2
sal1	3960759	3961238	2
sal1	2111462	2112421	2
sal1	1686255	1686518	2
sal1	2110819	2111451	2
sal1	1391797	1392117	2
sal1	2279163	2280047	2
sal1	2347391	2348434	2
sal1	4017984	4018601	2
sal1	2804821	2805552	2
sal1	825480	826325	2
sal1	898295	899182	2
sal1	675982	676539	2
sal1	3071480	3071791	2
sal1	635175	635918	2
sal1	108423	109235	2
sal1	639018	639359	2
sal1	4426931	4427293	2
sal1	2559257	2559706	2
sal1	952599	953072	2
sal1	2479752	2480411	2
sal1	1160428	1160880	2
sal1	2949312	2949650	2
sal1	824920	825465	2
sal1	1345306	1345632	2
sal1	1148124	1148666	2
sal1	1403147	1403683	2
sal1	1170358	1170675	2
sal1	1173561	1173842	2
sal1	1275262	1275783	2
sal1	737299	737874	2
sal1	1296540	1297175	2
sal1	1022349	1022669	2
sal1	3979562	3979831	2
sal1	281234	281656	2
sal1	2066347	2067141	2
sal1	3327934	3328389	2
sal1	4802290	4802751	2
sal1	2133644	2133979	2
sal1	2396867	2398156	2
sal1	390388	390912	2
sal1	3317661	3318071	2
sal1	2722062	2722442	2
sal1	169353	169916	2
sal1	2041357	2042025	2
sal1	3332628	3333110	2
sal1	1775577	1776083	2
sal1	3356323	3356994	2
sal1	255280	256131	2
sal1	4470698	4471411	2
sal1	3428616	3428900	2
sal1	100838	101317	2
sal1	1473092	1473712	2
sal1	576005	576487	2
sal1	2492902	2493711	2
sal1	4852112	4852795	2
sal1	3192428	3193060	2
sal1	3193107	3193643	2
sal1	3195161	3195559	2
sal1	230657	231217	2
sal1	3210793	3211686	2
sal1	235258	235734	2
sal1	376663	377628	2
sal1	1736955	1737146	2
sal1	3609022	3609573	2
sal1	1756272	1756526	2
sal1	533756	534409	2
sal1	2312523	2313242	2
sal1	670451	671014	2
sal1	3552040	3552282	2
sal1	3251343	3251642	2
sal1	3925296	3925892	2
sal1	3438737	3439054	2
sal1	195982	196329	2
sal1	4761069	4761842	2
sal1	1380443	1380859	2
sal1	1356951	1357397	2
sal1	2604999	2605637	2
sal1	1380208	1380483	2
sal1	3215178	3215567	2
sal1	5113	5886	2
sal1	98254	98784	2
sal1	3125675	3126322	2
sal1	2459017	2459568	2
sal1	141344	141709	2
sal1	3971420	3971905	2
sal1	4854806	4855120	2
sal1	189602	189964	2
sal1	1197665	1198027	2
sal1	4582864	4583259	2
sal1	3350261	3350932	2
sal1	2529715	2530107	2
sal1	1975239	1975529	2
sal1	2103700	2104413	2
sal1	4454713	4455210	2
sal1	3612132	3612443	2
sal1	3522870	3523769	2
sal1	1218262	1218942	2
sal1	3483082	3483636	2
sal1	3483643	3484368	2
sal1	3401744	3401908	2
sal1	2492354	2492902	2
sal1	4177303	4178058	2
sal1	4621295	4621615	1
sal1	1334034	1334378	1
sal1	4621701	4622030	1
sal1	1335505	1335972	1
sal1	1093082	1093543	1
sal1	1053606	1053932	1
sal1	4714408	4714896	1
sal1	3476214	3476507	1
sal1	401402	401596	1
sal1	526816	527286	1
sal1	3395866	3396249	1
sal1	4767295	4767756	1
sal1	3208842	3209153	1
sal1	3250917	3251048	1
sal1	391990	392349	1
sal1	391708	391932	1
sal1	3258108	3258671	1
sal1	318679	319164	1
sal1	4776050	4776214	1
sal1	3347321	3347743	1
sal1	328955	329476	1
sal1	377573	377845	1
sal1	349674	349889	1
sal1	93606	93836	1
sal1	411176	411307	1
sal1	1625997	1626386	1
sal1	1232592	1232912	1
sal2	32922	33959	1
sal1	793741	793878	1
sal1	2068408	2068635	1
sal1	1349283	1349531	1
sal1	3653070	3653471	1
sal1	2523330	2523656	1
sal1	465699	466391	1
sal1	465308	465673	1
sal1	63547	64848	1
sal1	66653	66892	1
sal1	1609974	1610384	1
sal1	1220654	1221346	1
sal1	1672212	1672433	1
sal1	1479989	1480390	1
sal1	1497343	1497717	1
sal1	1499378	1499644	1
sal1	1452305	1452673	1
sal1	1162361	1162870	1
sal1	1489527	1489742	1
sal1	565856	566470	1
sal1	3461858	3462190	1
sal1	3586033	3587364	1
sal1	1512440	1512847	1
sal1	4214287	4215336	1
sal1	57343	57792	1
sal1	3605915	3606133	1
sal1	2826486	2826968	1
sal1	4503985	4504308	1
sal1	3033677	3034351	1
sal1	3031539	3032609	1
sal1	3239524	3240444	1
sal1	1702906	1703187	1
sal1	1257035	1257328	1
sal1	1258236	1258652	1
sal1	414812	415444	1
sal1	441417	441608	1
sal1	528379	528753	1
sal1	1279212	1279946	1
sal1	639365	639613	1
sal1	2096292	2097221	1
sal1	704428	704745	1
sal1	694575	694778	1
sal1	720349	721044	1
sal1	757811	758104	1
sal1	2021713	2022063	1
sal1	2913233	2914753	1
sal1	2290441	2291109	1
sal1	814126	814554	1
sal1	4360615	4361799	1
sal1	2612031	2612657	1
sal1	2503761	2504516	1
sal1	3417375	3418145	1
sal1	477416	477658	1
sal1	2027236	2027739	1
sal1	209292	209732	1
sal1	3896047	3896514	1
sal1	798377	798724	1
sal1	2130644	2130994	1
sal1	3541914	3542405	1
sal1	4574789	4575082	1
sal1	871651	872163	1
sal1	4654755	4655285	1
sal1	3015757	3016062	1
sal1	4630930	4631244	1
sal1	2966273	2966788	1
sal1	1780466	1780780	1
sal1	2115523	2116317	1
sal1	2439053	2439496	1
sal1	3518738	3520039	1
sal1	2660069	2660500	1
sal1	2974240	2974740	1
sal1	2358899	2359162	1
sal1	2354293	2354742	1
sal1	2116842	2117126	1
sal1	285000	285404	1
sal1	526354	526614	1
sal1	4604590	4604898	1
sal1	3922049	3922216	1
sal1	3583307	3584296	1
sal1	3933787	3934062	1
sal1	254297	255022	1
sal1	3592448	3593149	1
sal1	3512412	3512804	1
sal1	3593514	3593792	1
sal1	1645483	1645626	1
sal1	2778748	2779398	1
sal1	346098	346568	1
sal1	3896558	3896809	1
sal1	3587810	3587989	1
sal1	3472507	3472764	1
sal1	3512820	3513248	1
sal1	1252495	1253079	1
sal1	137561	138052	1
sal1	2172262	2173341	1
sal1	4009389	4009817	1
sal1	2999801	3000157	1
sal1	3307208	3307456	1
sal1	4364673	4365170	1
sal1	1970050	1970280	1
sal1	3593809	3594630	1
sal1	3595563	3596192	1
sal1	2360057	2360551	1
sal1	812519	812800	1
sal1	3457849	3458271	1
sal1	3485872	3486159	1
sal1	3428121	3428585	1
sal1	3355509	3356303	1
sal1	3467448	3467780	1
sal1	3529562	3529834	1
sal1	3532919	3533122	1
sal1	3555277	3556242	1
sal1	3582407	3582775	1
sal1	3565628	3565849	1
sal1	4150126	4150488	1
sal1	4755594	4755851	1
sal1	4216999	4217427	1
sal1	4684669	4684971	1
sal1	4672431	4674368	1
sal1	4663120	4663929	1
sal1	2785908	2786291	1
sal1	4436204	4436518	1
sal1	4435395	4435592	1
sal1	2945154	2945603	1
sal1	4414905	4415444	1
sal1	3220987	3221571	1
sal1	3206407	3206673	1
sal1	3267491	3267817	1
sal1	3240649	3241605	1
sal1	3607006	3607206	1
sal1	3733935	3734318	1
sal1	1937216	1937455	1
sal1	1909924	1910061	1
sal1	1909146	1909487	1
sal1	1893091	1893180	1
sal1	4446186	4446596	1
sal1	4442266	4442511	1
sal1	4471959	4472315	1
sal1	4501552	4501833	1
sal1	4297127	4297366	1
sal1	4291157	4291753	1
sal1	2039211	2039366	1
sal1	4006395	4006757	1
sal1	2872691	2873548	1
sal1	2857062	2857421	1
sal1	2851914	2852993	1
sal1	2808112	2808159	1
sal1	2755587	2757518	1
sal1	2712163	2712396	1
sal1	2620893	2621030	1
sal1	2071616	2071861	1
sal1	2585561	2585791	1
sal1	2486496	2486744	1
sal1	4159186	4159566	1
sal1	4159582	4160040	1
sal1	2410609	2410944	1
sal1	2081705	2081866	1
sal1	4722020	4722139	1
sal1	494256	494585	1
sal1	1290754	1291128	1
sal1	4683294	4683680	1
sal1	1911661	1911993	1
sal1	4569076	4569423	1
sal1	560558	560974	1
sal1	692917	693126	1
sal1	1228873	1229289	1
sal1	1231121	1231576	1
sal1	2546658	2547167	1
sal1	3615652	3616284	1
sal1	4270607	4271107	1
sal1	1830092	1830631	1
sal1	2429497	2429799	1
sal1	1244848	1245423	1
sal1	4775940	4776083	1
sal1	823068	823454	1
sal1	890464	890724	1
sal1	216397	216852	1
sal1	910462	911271	1
sal1	4458786	4459154	1
sal1	829870	830115	1
sal1	1165851	1166297	1
sal1	1204962	1205189	1
sal1	1226837	1227391	1
sal1	1825551	1825733	1
sal1	686275	686571	1
sal1	4078000	4078533	1
sal1	4073683	4074102	1
sal1	1370475	1370753	1
sal1	1950475	1950666	1
sal1	1998638	1999033	1
sal1	546043	546687	1
sal1	2384926	2385180	1
sal1	2401774	2402421	1
sal1	2529351	2529713	1
sal1	2280940	2281185	1
sal1	3849402	3850226	1
sal1	2605637	2606107	1
sal1	1588794	1589540	1
sal1	1736624	1736947	1
sal1	2016650	2017153	1
sal1	1868749	1868979	1
sal1	1393609	1393956	1
sal1	1679307	1679540	1
sal1	1399721	1399963	1
sal1	1587594	1587797	1
sal1	3597929	3598123	1
sal1	1552138	1552473	1
sal1	1560242	1560604	1
sal1	1534996	1535436	1
sal1	1535525	1535740	1
sal1	1511267	1511614	1
